$ 1 1e-05 10 50 5 50 5e-11
x 64 48 456 52 0 16 Acquisition time: tau = (RS %2B Ron) CH = 1.02 ms
R 96 192 96 160 0 0 40.0 4.0 0.0 0.0 0.5
w 96 192 192 192 0
r 192 192 288 192 0 1000.0
159 288 192 352 192 0 20.0 10000000000.0 2.5
w 352 192 448 192 0
c 448 192 448 288 0 1e-06 0.0
g 448 288 448 304 0 0
207 448 192 464 192 4 Vhold
w 320 208 320 240 0
w 320 240 320 272 0
207 320 240 304 240 4 CLK
R 320 272 320 304 0 2 5.0 2.5 2.5 0.0 0.1
x 176 160 232 164 0 16 RS = 1k
x 464 256 536 260 0 16 CH = 1 uF
x 64 352 488 356 0 16 after 2.77 tau = 2.83 ms: within 1/2 LSB (3 bit, 4 V)
o 8 1 0 4098 5 0.1 0 2 11 0
