$ 1 0.0001 10 50 5 50 5e-11
x 48 32 480 36 0 16 Source with Ri = 10k, load (ADC input) 100k, Vin = 3 V
R 64 336 64 304 0 0 40.0 3.0 0.0 0.0 0.5
w 64 336 96 336 0
207 96 336 112 336 4 Vin
R 64 480 64 512 0 2 5.0 2.5 2.5 0.0 0.1
w 64 480 96 480 0
207 96 480 112 480 4 CLK
x 176 80 256 84 0 16 unbuffered
207 176 144 160 144 4 Vin
r 176 144 272 144 0 10000.0
w 272 144 304 144 0
159 304 144 368 144 0 20.0 10000000000.0 2.5
207 336 160 336 176 4 CLK
w 368 144 464 144 0
w 464 144 560 144 0
c 464 144 464 240 0 1e-06 0.0
g 464 240 464 256 0 0
r 560 144 560 240 0 100000.0
g 560 240 560 256 0 0
207 560 144 576 144 4 Vout_unbuf
x 192 112 256 116 0 16 Ri = 10k
x 576 208 608 212 0 16 100k
x 176 272 240 276 0 16 buffered
207 176 368 160 368 4 Vin
r 176 368 272 368 0 10000.0
w 272 368 304 368 0
a 304 352 368 352 8 15.0 -15.0 1000000.0 0.0 0.0 100000.0
w 368 352 384 352 0
w 384 352 384 368 0
w 384 368 400 368 0
w 384 352 384 304 0
w 384 304 304 304 0
w 304 304 304 336 0
r 400 368 496 368 0 1000.0
159 496 368 560 368 0 20.0 10000000000.0 2.5
207 528 384 528 400 4 CLK
w 560 368 608 368 0
w 608 368 640 368 0
c 608 368 608 464 0 1e-06 0.0
g 608 464 608 480 0 0
207 608 368 608 384 4 Vhold
a 640 352 704 352 8 15.0 -15.0 1000000.0 0.0 0.0 100000.0
w 704 352 720 352 0
w 720 352 720 368 0
w 720 368 736 368 0
w 720 352 720 304 0
w 720 304 640 304 0
w 640 304 640 336 0
w 736 368 800 368 0
r 800 368 800 464 0 100000.0
g 800 464 800 480 0 0
207 800 368 816 368 4 Vout_buf
x 688 480 832 484 0 16 CH = 1 uF, RS = 1k
o 19 32 0 4098 5 0.1 0 2 51 0
38 1 F0 0 0 4 Vin
