$ 1 0.0001 10 50 5 50 5e-11
x 64 48 432 52 0 16 Sample and hold, fs = 5 Hz, track window 20 ms
R 96 192 96 160 0 1 0.5 1.5 2.0 0.0 0.5
w 96 192 160 192 0
w 160 192 192 192 0
207 160 192 160 176 4 Vin
r 192 192 288 192 0 1000.0
159 288 192 352 192 0 20.0 10000000000.0 2.5
w 352 192 448 192 0
c 448 192 448 288 0 1e-06 0.0
g 448 288 448 304 0 0
207 448 192 464 192 4 Vhold
w 320 208 320 240 0
w 320 240 320 272 0
207 320 240 304 240 4 CLK
R 320 272 320 304 0 2 5.0 2.5 2.5 0.0 0.1
x 176 160 232 164 0 16 RS = 1k
x 272 160 320 164 0 16 switch
x 464 256 536 260 0 16 CH = 1 uF
x 96 352 400 356 0 16 Vin = 2 V %2B 1.5 V sin(2 pi 0.5 Hz t)
o 4 32 0 4098 5 0.1 0 3 10 0 13 0
