$ 1 0.0001 10 50 5 50 5e-11
x 48 32 512 36 0 16 Leakage 50 nA (exaggerated), RS = 1k, Vin = 3 V, fs = 5 Hz
R 64 224 64 192 0 0 40.0 3.0 0.0 0.0 0.5
w 64 224 96 224 0
a 96 208 160 208 8 15.0 -15.0 1000000.0 0.0 0.0 100000.0
w 160 208 176 208 0
w 176 208 176 224 0
w 176 224 192 224 0
w 176 208 176 160 0
w 176 160 96 160 0
w 96 160 96 192 0
w 192 224 224 224 0
207 224 224 240 224 4 Vbuf
R 64 384 64 416 0 2 5.0 2.5 2.5 0.0 0.1
w 64 384 96 384 0
207 96 384 112 384 4 CLK
207 320 128 304 128 4 Vbuf
r 320 128 384 128 0 1000.0
159 384 128 448 128 0 20.0 10000000000.0 2.5
207 416 144 416 160 4 CLK
w 448 128 480 128 0
w 480 128 512 128 0
c 480 128 480 256 0 1e-08 0.0
w 512 128 512 160 0
i 512 160 512 256 0 5e-08 1000.0
w 480 256 512 256 0
g 480 256 480 272 0 0
207 480 128 480 112 4 V_10n
x 320 288 400 292 0 16 CH = 10 nF
207 544 128 528 128 4 Vbuf
r 544 128 608 128 0 1000.0
159 608 128 672 128 0 20.0 10000000000.0 2.5
207 640 144 640 160 4 CLK
w 672 128 704 128 0
w 704 128 736 128 0
c 704 128 704 256 0 1e-06 0.0
w 736 128 736 160 0
i 736 160 736 256 0 5e-08 1000.0
w 704 256 736 256 0
g 704 256 704 272 0 0
207 704 128 704 112 4 V_1u
x 544 288 616 292 0 16 CH = 1 uF
207 768 128 752 128 4 Vbuf
r 768 128 832 128 0 1000.0
159 832 128 896 128 0 20.0 10000000000.0 2.5
207 864 144 864 160 4 CLK
w 896 128 928 128 0
w 928 128 960 128 0
c 928 128 928 256 0 0.0001 0.0
w 960 128 960 160 0
i 960 160 960 256 0 5e-08 1000.0
w 928 256 960 256 0
g 928 256 928 272 0 0
207 928 128 928 112 4 V_100u
x 768 288 856 292 0 16 CH = 100 uF
x 320 336 408 340 0 16 droop 0.9 V
x 544 336 624 340 0 16 droop 9 mV
x 768 336 888 340 0 16 18 % per sample
o 26 32 0 4098 5 0.1 0 3 39 0 52 0
