$ 1 1e-05 10 50 5 50 5e-11
x 48 32 528 36 0 16 Charge injection: Cgd = 10 pF couples the clock edge into CH
R 64 208 64 176 0 0 40.0 2.0 0.0 0.0 0.5
w 64 208 96 208 0
207 96 208 112 208 4 Vin
R 64 400 64 432 0 2 5.0 2.5 2.5 0.0 0.1
w 64 400 96 400 0
207 96 400 112 400 4 CLK
207 224 160 208 160 4 Vin
r 224 160 288 160 0 1000.0
159 288 160 352 160 0 20.0 10000000000.0 2.5
w 320 176 320 224 0
207 320 224 320 240 4 CLK
w 352 160 384 160 0
w 384 160 416 160 0
c 320 224 384 224 0 1e-11 0.0
w 384 224 384 160 0
c 416 160 416 288 0 1e-09 0.0
g 416 288 416 304 0 0
207 416 160 416 144 4 Vhold_1n
x 224 336 376 340 0 16 CH = 1 nF: -49.5 mV
x 336 256 360 260 0 16 Cgd
207 544 160 528 160 4 Vin
r 544 160 608 160 0 1000.0
159 608 160 672 160 0 20.0 10000000000.0 2.5
w 640 176 640 224 0
207 640 224 640 240 4 CLK
w 672 160 704 160 0
w 704 160 736 160 0
c 640 224 704 224 0 1e-11 0.0
w 704 224 704 160 0
c 736 160 736 288 0 1e-07 0.0
g 736 288 736 304 0 0
207 736 160 736 144 4 Vhold_100n
x 544 336 704 340 0 16 CH = 100 nF: -0.5 mV
x 656 256 680 260 0 16 Cgd
o 18 8 0 4098 2 0.1 0 2 32 0
