$ 1 0.0001 10 50 5 50 5e-11
x 48 32 464 36 0 16 Buffered S&H: follower - RS - switch - CH - follower
R 64 208 64 176 0 3 0.5 2.0 2.0 0.0 0.5
w 64 208 96 208 0
w 96 208 128 208 0
207 96 208 96 224 4 Vin
a 128 192 192 192 8 15.0 -15.0 1000000.0 0.0 0.0 100000.0
w 192 192 208 192 0
w 208 192 208 208 0
w 208 208 224 208 0
w 208 192 208 144 0
w 208 144 128 144 0
w 128 144 128 176 0
r 224 208 320 208 0 1000.0
159 320 208 384 208 0 20.0 10000000000.0 2.5
w 384 208 432 208 0
w 432 208 480 208 0
c 432 208 432 304 0 1e-06 0.0
g 432 304 432 320 0 0
w 352 224 352 256 0
w 352 256 352 288 0
207 352 256 336 256 4 CLK
R 352 288 352 320 0 2 5.0 2.5 2.5 0.0 0.1
a 480 192 544 192 8 15.0 -15.0 1000000.0 0.0 0.0 100000.0
w 544 192 560 192 0
w 560 192 560 208 0
w 560 208 576 208 0
w 560 192 560 144 0
w 560 144 480 144 0
w 480 144 480 176 0
w 576 208 640 208 0
207 640 208 656 208 4 Vout
x 64 352 376 356 0 16 ramp 4 V/s: steps of 0.8 V every 200 ms
x 400 336 472 340 0 16 CH = 1 uF
o 4 32 0 4098 5 0.1 0 3 30 0 20 0
