$ 1 5e-06 10 50 5 50 5e-11
x 64 32 544 36 0 16 BJT current source: VB from 10k/2.2k, RE = 1.5k, 12 V supply
x 96 64 152 68 0 16 RL = 1k
R 96 96 96 64 0 0 40.0 12.0 0.0 0.0 0.5
w 96 96 224 96 0
r 96 96 96 224 0 10000.0
r 96 224 96 352 0 2200.0
w 96 224 144 224 0
w 144 224 192 224 0
t 192 224 224 224 0 1 0.0 0.0 100.0 default
r 224 96 224 208 0 1000.0
w 224 240 224 256 0
r 224 256 224 352 0 1500.0
w 96 352 224 352 0
g 96 352 96 368 0 0
207 144 224 144 208 4 VB1
207 224 256 240 256 4 VE1
207 224 208 240 208 4 VC1
x 384 64 456 68 0 16 RL = 4.7k
R 384 96 384 64 0 0 40.0 12.0 0.0 0.0 0.5
w 384 96 512 96 0
r 384 96 384 224 0 10000.0
r 384 224 384 352 0 2200.0
w 384 224 432 224 0
w 432 224 480 224 0
t 480 224 512 224 0 1 0.0 0.0 100.0 default
r 512 96 512 208 0 4700.0
w 512 240 512 256 0
r 512 256 512 352 0 1500.0
w 384 352 512 352 0
g 384 352 384 368 0 0
207 432 224 432 208 4 VB2
207 512 256 528 256 4 VE2
207 512 208 528 208 4 VC2
x 672 64 736 68 0 16 RL = 15k
R 672 96 672 64 0 0 40.0 12.0 0.0 0.0 0.5
w 672 96 800 96 0
r 672 96 672 224 0 10000.0
r 672 224 672 352 0 2200.0
w 672 224 720 224 0
w 720 224 768 224 0
t 768 224 800 224 0 1 0.0 0.0 100.0 default
r 800 96 800 208 0 15000.0
w 800 240 800 256 0
r 800 256 800 352 0 1500.0
w 672 352 800 352 0
g 672 352 672 368 0 0
207 720 224 720 208 4 VB3
207 800 256 816 256 4 VE3
207 800 208 816 208 4 VC3
