$ 1 5e-06 10 50 5 50 5e-11
x 96 32 480 36 0 16 Current mirror (12 V): Iref = (12 V - VBE) / 11k
R 160 80 160 48 0 0 40.0 12.0 0.0 0.0 0.5
w 160 80 160 96 0
w 160 96 352 96 0
r 160 96 160 208 0 11000.0
t 192 240 160 240 0 1 0.0 0.0 100.0 default
w 160 208 160 224 0
w 160 224 192 224 0
w 192 240 192 224 0
t 320 240 352 240 0 1 0.0 0.0 100.0 default
w 192 240 320 240 0
w 160 256 160 288 0
w 352 256 352 288 0
w 160 288 160 320 0
w 160 320 352 320 0
w 352 320 352 288 0
g 160 320 160 336 0 0
r 352 96 352 224 0 4700.0
207 192 224 192 208 4 VBE
207 352 224 368 224 4 VC2
x 64 160 128 164 0 16 Rref 11k
x 368 160 424 164 0 16 RL 4.7k
38 17 F0 0 100 15000 RL
