$ 1 5e-06 10 50 5 50 5e-11
x 64 32 464 36 0 16 I = Vset / RS = 1 V / 1k (sensor in the collector)
R 96 240 64 240 0 0 40.0 1.0 0.0 0.0 0.5
x 32 208 64 212 0 16 Vset
w 96 240 192 240 0
a 192 256 256 256 9 15.0 -15.0 1000000.0 0.0 0.0 100000.0
r 256 256 368 256 0 1000.0
x 288 224 304 228 0 16 1k
t 368 256 400 256 0 1 0.0 0.0 100.0 default
R 400 80 400 48 0 0 40.0 12.0 0.0 0.0 0.5
w 400 80 400 96 0
r 400 96 400 240 0 1385.0
w 400 272 400 336 0
r 400 336 400 448 0 1000.0
g 400 448 400 464 0 0
w 400 336 160 336 0
w 160 336 160 272 0
w 160 272 192 272 0
207 400 336 416 336 4 VS
207 400 240 416 240 4 VC
x 416 160 520 164 0 16 sensor 1.385k
x 416 400 456 404 0 16 RS 1k
x 592 32 1048 36 0 16 Floating load in the feedback path: I = Vset / RS exactly
R 656 304 624 304 0 0 40.0 1.0 0.0 0.0 0.5
w 656 304 720 304 0
a 720 288 784 288 8 15.0 -15.0 1000000.0 0.0 0.0 100000.0
w 784 288 816 288 0
w 816 288 816 192 0
r 816 192 688 192 0 1385.0
w 688 192 688 272 0
w 688 272 720 272 0
w 688 272 688 352 0
r 688 352 688 448 0 1000.0
g 688 448 688 464 0 0
207 816 192 832 192 4 VOUT2
207 688 352 672 352 4 VS2
x 704 160 808 164 0 16 sensor 1.385k
x 704 416 744 420 0 16 RS 1k
