$ 1 5e-06 10 50 5 50 5e-11
x 96 48 192 52 0 16 Ideal source
v 96 336 96 112 0 0 40.0 4.5 0.0 0.0 0.5
w 96 112 224 112 0
r 224 112 224 336 0 10.0
w 96 336 224 336 0
g 224 336 224 352 0 0
207 224 112 240 112 4 V_ideal
x 240 240 280 244 0 16 RL 10
x 416 48 720 52 0 16 Real source: V0 = 4.5 V, Ri = 1.25 Ohm
b 400 80 560 368 0
v 448 336 448 208 0 0 40.0 4.5 0.0 0.0 0.5
r 448 208 448 112 0 1.25
x 464 160 480 164 0 16 Ri
w 448 112 608 112 0
w 448 336 608 336 0
207 608 112 624 112 4 V_term
w 608 112 704 112 0
r 704 112 704 336 0 10.0
w 608 336 704 336 0
g 608 336 608 352 0 0
x 720 240 736 244 0 16 RL
38 17 F0 0 0.5 20 RL
