$ 1 5e-06 10 50 5 50 5e-11
x 96 48 192 52 0 16 RL = 470 Ohm
v 96 352 96 96 0 0 40.0 12.0 0.0 0.0 0.5
w 96 96 224 96 0
w 224 96 336 96 0
r 224 96 224 208 0 1000.0
t 304 208 336 208 0 1 0.0 0.0 100.0 default
w 224 208 304 208 0
z 224 352 224 208 1 0.805904783 5.6
207 224 208 208 208 4 Vout_10mA_Z
w 336 192 336 96 0
w 336 224 336 256 0
w 336 256 416 256 0
r 416 256 416 352 0 470.0
w 96 352 224 352 0
w 224 352 416 352 0
g 224 352 224 368 0 0
207 416 256 416 240 4 Vout_10mA
x 160 144 176 148 0 16 1k
x 432 304 448 308 0 16 RL
x 560 48 648 52 0 16 RL = 47 Ohm
v 560 352 560 96 0 0 40.0 12.0 0.0 0.0 0.5
w 560 96 688 96 0
w 688 96 800 96 0
r 688 96 688 208 0 1000.0
t 768 208 800 208 0 1 0.0 0.0 100.0 default
w 688 208 768 208 0
z 688 352 688 208 1 0.805904783 5.6
207 688 208 672 208 4 Vout_100mA_Z
w 800 192 800 96 0
w 800 224 800 256 0
w 800 256 880 256 0
r 880 256 880 352 0 47.0
w 560 352 688 352 0
w 688 352 880 352 0
g 688 352 688 368 0 0
207 880 256 880 240 4 Vout_100mA
x 624 144 640 148 0 16 1k
x 896 304 912 308 0 16 RL
38 31 F0 0 20 1000 RL
