$ 1 5e-06 10 50 5 50 5e-11
x 96 48 360 52 0 16 Thevenin: 10 V with 10k in series
v 96 336 96 112 0 0 40.0 10.0 0.0 0.0 0.5
w 96 112 128 112 0
r 128 112 256 112 0 10000.0
w 256 112 320 112 0
r 320 112 320 336 0 4700.0
w 96 336 320 336 0
g 320 336 320 352 0 0
207 320 112 336 112 4 VL_thevenin
x 336 240 392 244 0 16 RL 4.7k
x 496 48 760 52 0 16 Norton: 1 mA with 10k in parallel
i 512 336 512 112 0 0.001 1000.0
w 512 112 624 112 0
w 624 112 736 112 0
r 624 112 624 336 0 10000.0
r 736 112 736 336 0 4700.0
w 512 336 624 336 0
w 624 336 736 336 0
g 624 336 624 352 0 0
207 736 112 752 112 4 VL_norton
x 640 240 664 244 0 16 10k
x 752 240 808 244 0 16 RL 4.7k
