$ 1 5e-06 10 50 5 50 5e-11
x 96 48 152 52 0 16 No load
v 96 336 96 112 0 0 40.0 12.0 0.0 0.0 0.5
w 96 112 128 112 0
r 128 112 256 112 0 220.0
w 256 112 320 112 0
z 320 336 320 112 1 0.805904783 5.6
w 96 336 320 336 0
g 320 336 320 352 0 0
207 320 112 320 96 4 Vout_open
x 160 80 184 84 0 16 220
x 480 48 680 52 0 16 Load RL = 270 Ohm (20 mA)
v 480 336 480 112 0 0 40.0 12.0 0.0 0.0 0.5
w 480 112 512 112 0
r 512 112 640 112 0 220.0
w 640 112 704 112 0
z 704 336 704 112 1 0.805904783 5.6
w 480 336 704 336 0
g 704 336 704 352 0 0
207 704 112 704 96 4 Vout_load
x 544 80 568 84 0 16 220
w 704 112 800 112 0
r 800 112 800 336 0 270.0
w 704 336 800 336 0
x 816 240 832 244 0 16 RL
38 21 F0 0 100 2000 RL
