$ 1 5e-06 10 50 5 50 5e-11
x 48 32 624 36 0 16 Strain gauges 350 Ohm, strain 1000 um/m, k = 2: dR = 0.7 Ohm, supply 5 V
x 112 80 224 84 0 16 quarter bridge
v 48 368 48 112 0 0 40.0 5.0 0.0 0.0 0.5
g 48 368 48 384 0 0
w 48 112 208 112 0
w 208 112 368 112 0
r 208 112 208 240 0 350.0
r 208 240 208 368 0 350.7
r 368 112 368 240 0 350.0
r 368 240 368 368 0 350.0
w 48 368 208 368 0
w 208 368 368 368 0
p 208 240 368 240 3 0 0 0.0
207 208 240 192 240 4 Aq
207 368 240 384 240 4 Bq
x 496 80 584 84 0 16 half bridge
v 432 368 432 112 0 0 40.0 5.0 0.0 0.0 0.5
g 432 368 432 384 0 0
w 432 112 592 112 0
w 592 112 752 112 0
r 592 112 592 240 0 349.3
r 592 240 592 368 0 350.7
r 752 112 752 240 0 350.0
r 752 240 752 368 0 350.0
w 432 368 592 368 0
w 592 368 752 368 0
p 592 240 752 240 3 0 0 0.0
207 592 240 576 240 4 Ah
207 752 240 768 240 4 Bh
x 880 80 968 84 0 16 full bridge
v 816 368 816 112 0 0 40.0 5.0 0.0 0.0 0.5
g 816 368 816 384 0 0
w 816 112 976 112 0
w 976 112 1136 112 0
r 976 112 976 240 0 349.3
r 976 240 976 368 0 350.7
r 1136 112 1136 240 0 350.7
r 1136 240 1136 368 0 349.3
w 816 368 976 368 0
w 976 368 1136 368 0
p 976 240 1136 240 3 0 0 0.0
207 976 240 960 240 4 Af
207 1136 240 1152 240 4 Bf
