$ 1 5e-06 10 50 5 50 5e-11
x 48 48 784 52 0 16 Non-inverting amplifier G = 1 %2B 1066k/10k = 107.6 at Vs only: it amplifies the common mode
v 64 368 64 112 0 0 40.0 4.0 0.0 0.0 0.5
g 64 368 64 384 0 0
w 64 112 224 112 0
w 224 112 384 112 0
r 224 112 224 240 0 3900.0
r 224 240 224 368 0 100.0
r 384 112 384 240 0 3900.0
r 384 240 384 368 0 100.0
w 64 368 224 368 0
w 224 368 384 368 0
p 224 240 384 240 3 0 0 0.0
207 224 240 208 240 4 Vs
207 384 240 400 240 4 Vr
a 576 240 640 240 9 15.0 -15.0 1000000.0 0.0 0.0 100000.0
207 576 224 560 224 4 Vs
w 576 256 560 256 0
w 560 256 560 304 0
r 560 304 560 400 0 10000.0
g 560 400 560 416 0 0
r 560 304 672 304 0 1066000.0
w 672 304 672 240 0
w 640 240 672 240 0
w 672 240 704 240 0
207 704 240 720 240 4 Vout
x 448 448 896 452 0 16 op-amp supply 15 V: Vout = 10.75 V at 0 C instead of 0 V
38 6 F0 0 100 138.5 Sensor\sR\s(0..100\sC)
