$ 1 5e-06 10 50 5 50 5e-11
x 48 32 792 36 0 16 Bridge, instrumentation amplifier G1 = 100k/10k = 10, gain stage G2 = 1 %2B 97.6k/10k = 10.76
v 48 368 48 112 0 0 40.0 4.0 0.0 0.0 0.5
g 48 368 48 384 0 0
w 48 112 208 112 0
w 208 112 368 112 0
r 208 112 208 240 0 3900.0
r 208 240 208 368 0 100.0
r 368 112 368 240 0 3900.0
r 368 240 368 368 0 100.0
w 48 368 208 368 0
w 208 368 368 368 0
p 208 240 368 240 3 0 0 0.0
207 208 240 192 240 4 Vs
207 368 240 384 240 4 Vr
a 512 176 576 176 8 15.0 -15.0 1000000.0 0.0 0.0 100000.0
207 512 192 496 192 4 Vr
w 512 160 496 160 0
w 496 160 496 128 0
w 496 128 592 128 0
w 592 128 592 176 0
w 592 176 576 176 0
a 512 304 576 304 8 15.0 -15.0 1000000.0 0.0 0.0 100000.0
207 512 320 496 320 4 Vs
w 512 288 496 288 0
w 496 288 496 256 0
w 496 256 592 256 0
w 592 256 592 304 0
w 592 304 576 304 0
w 592 176 608 176 0
r 608 176 704 176 0 10000.0
w 592 304 608 304 0
r 608 304 704 304 0 10000.0
a 736 240 800 240 8 15.0 -15.0 1000000.0 0.0 0.0 100000.0
w 704 112 704 176 0
w 704 176 704 224 0
w 704 224 736 224 0
r 704 112 832 112 0 100000.0
w 832 112 832 240 0
w 800 240 832 240 0
w 832 240 864 240 0
207 864 240 864 224 4 Vdiff
w 704 304 704 256 0
w 704 256 736 256 0
r 704 304 704 400 0 100000.0
g 704 400 704 416 0 0
a 976 256 1040 256 9 15.0 -15.0 1000000.0 0.0 0.0 100000.0
207 976 240 960 240 4 Vdiff
w 976 272 960 272 0
w 960 272 960 320 0
r 960 320 960 416 0 10000.0
g 960 416 960 432 0 0
r 960 320 1072 320 0 97600.0
w 1072 320 1072 256 0
w 1040 256 1072 256 0
w 1072 256 1104 256 0
207 1104 256 1120 256 4 Vout
x 448 464 1112 468 0 16 buffers: no load on the bridge; difference amplifier: rejects the 0.1 V common mode
38 6 F0 0 100 138.5 Sensor\sR\s(0..100\sC)
