$ 1 5e-06 10 50 5 50 5e-11
x 48 32 480 36 0 16 Pt100, leads 0.5 Ohm each. Left: 2-wire, right: 3-wire
v 48 432 48 112 0 0 40.0 4.0 0.0 0.0 0.5
g 48 432 48 448 0 0
w 48 112 208 112 0
w 208 112 368 112 0
r 208 112 208 208 0 3900.0
r 208 208 208 272 0 0.5
r 208 272 208 368 0 100.0
r 208 368 208 432 0 0.5
r 368 112 368 208 0 3900.0
r 368 208 368 432 0 100.0
w 48 432 208 432 0
w 208 432 368 432 0
p 208 208 368 208 3 0 0 0.0
207 208 208 192 208 4 A2
207 368 208 384 208 4 B2
b 160 240 288 400 0
x 112 480 256 484 0 16 sensor and 2 leads
v 528 432 528 112 0 0 40.0 4.0 0.0 0.0 0.5
g 528 432 528 448 0 0
w 528 112 688 112 0
w 688 112 848 112 0
r 688 112 688 208 0 3900.0
r 688 208 688 272 0 0.5
r 688 272 688 368 0 100.0
r 848 112 848 208 0 3900.0
r 848 208 848 304 0 100.0
r 848 304 848 368 0 0.5
w 688 368 768 368 0
w 768 368 848 368 0
r 768 368 768 432 0 0.5
w 528 432 768 432 0
p 688 208 848 208 3 0 0 0.0
207 688 208 672 208 4 A3
207 848 208 864 208 4 B3
x 592 480 856 484 0 16 lead 3 carries the supply current
38 7 F0 0 100 138.5 Sensor\sR\s2-wire
38 24 F0 0 100 138.5 Sensor\sR\s3-wire
