$ 1 5e-06 10 50 5 50 5e-11
x 48 48 592 52 0 16 Pt100 bridge from the 4.00 V reference: R1 = R3 = 3.9k, R4 = 100 Ohm
v 64 368 64 112 0 0 40.0 4.0 0.0 0.0 0.5
g 64 368 64 384 0 0
w 64 112 224 112 0
w 224 112 384 112 0
r 224 112 224 240 0 3900.0
r 224 240 224 368 0 100.0
r 384 112 384 240 0 3900.0
r 384 240 384 368 0 100.0
w 64 368 224 368 0
w 224 368 384 368 0
p 224 240 384 240 3 0 0 0.0
207 224 240 208 240 4 Vs
207 384 240 400 240 4 Vr
x 448 224 832 228 0 16 0 C: 100 Ohm, 50 C: 119.25 Ohm, 100 C: 138.5 Ohm
38 6 F0 0 100 138.5 Sensor\sR\s(0..100\sC)
