$ 1 5e-06 10 50 5 50 5e-11
x 48 48 584 52 0 16 Wheatstone bridge, 5 V: Rx = 1010 Ohm (dR/R = 1 %), drag the slider
v 64 368 64 112 0 0 40.0 5.0 0.0 0.0 0.5
g 64 368 64 384 0 0
w 64 112 224 112 0
w 224 112 384 112 0
r 224 112 224 240 0 1000.0
r 224 240 224 368 0 1010.0
r 384 112 384 240 0 1000.0
r 384 240 384 368 0 1000.0
w 64 368 224 368 0
w 224 368 384 368 0
p 224 240 384 240 3 0 0 0.0
207 224 240 208 240 4 VA
207 384 240 400 240 4 VB
x 448 256 672 260 0 16 voltmeter shows Vd = VA - VB
38 6 F0 0 500 1500 Rx
