$ 1 0.0001 40 50 5 50 5e-11
R 96 64 64 64 0 1 50.0 1.0 0.0 0.0 0.5
207 96 64 96 48 4 Vin_50Hz
R 352 64 320 64 0 1 5.0 1.0 0.0 0.0 0.5
207 352 64 352 48 4 Vin_5Hz
x 496 48 872 52 0 16 R = 31.8k, R/2 = 15.9k, C = 100 nF, 2C = 200 nF
w 128 240 128 176 0
r 128 176 256 176 0 31800.0
r 256 176 384 176 0 31800.0
c 256 176 256 224 0 2e-07 0.0
g 256 224 256 240 0 0
w 384 176 384 240 0
w 128 240 128 272 0
c 128 272 256 272 0 1e-07 0.0
c 256 272 384 272 0 1e-07 0.0
r 256 272 256 352 0 15900.0
g 256 352 256 368 0 0
w 384 272 384 240 0
207 128 240 112 240 4 Vin_50Hz
a 480 256 544 256 9 15.0 -15.0 1000000.0 0.0 0.0 100000.0
w 384 240 480 240 0
w 480 272 480 304 0
w 480 304 576 304 0
w 576 304 576 256 0
w 544 256 576 256 0
w 576 256 608 256 0
207 608 256 624 256 4 Vout_50Hz
w 128 496 128 432 0
r 128 432 256 432 0 31800.0
r 256 432 384 432 0 31800.0
c 256 432 256 480 0 2e-07 0.0
g 256 480 256 496 0 0
w 384 432 384 496 0
w 128 496 128 528 0
c 128 528 256 528 0 1e-07 0.0
c 256 528 384 528 0 1e-07 0.0
r 256 528 256 608 0 15900.0
g 256 608 256 624 0 0
w 384 528 384 496 0
207 128 496 112 496 4 Vin_5Hz
a 480 512 544 512 9 15.0 -15.0 1000000.0 0.0 0.0 100000.0
w 384 496 480 496 0
w 480 528 480 560 0
w 480 560 576 560 0
w 576 560 576 512 0
w 544 512 576 512 0
w 576 512 608 512 0
207 608 512 624 512 4 Vout_5Hz
o 1 16 0 4098 1 0.1 0 2 25 0
o 3 64 0 4098 1 0.1 1 2 46 0
