$ 1 2e-06 10 50 5 50 5e-11
x 48 32 480 36 0 16 R = 1.6k, C = 100 nF, fc = 995 Hz, input 1 V amplitude
R 128 128 96 128 0 1 100.0 1.0 0.0 0.0 0.5
207 128 128 128 112 4 Vin_100Hz
r 128 128 256 128 0 1600.0
c 256 128 256 224 0 1e-07 0.0
g 256 224 256 240 0 0
w 256 128 352 128 0
207 352 128 368 128 4 Vout_100Hz
x 400 132 480 136 0 16 f = 100 Hz
R 128 288 96 288 0 1 1000.0 1.0 0.0 0.0 0.5
207 128 288 128 272 4 Vin_1kHz
r 128 288 256 288 0 1600.0
c 256 288 256 384 0 1e-07 0.0
g 256 384 256 400 0 0
w 256 288 352 288 0
207 352 288 368 288 4 Vout_1kHz
x 400 292 472 296 0 16 f = 1 kHz
R 128 448 96 448 0 1 10000.0 1.0 0.0 0.0 0.5
207 128 448 128 432 4 Vin_10kHz
r 128 448 256 448 0 1600.0
c 256 448 256 544 0 1e-07 0.0
g 256 544 256 560 0 0
w 256 448 352 448 0
207 352 448 368 448 4 Vout_10kHz
x 400 452 480 456 0 16 f = 10 kHz
o 2 64 0 4098 1 0.1 0 2 7 0
o 10 8 0 4098 1 0.1 1 2 15 0
o 18 1 0 4098 1 0.1 2 2 23 0
