$ 1 2e-06 10 50 5 50 5e-11
R 96 96 64 96 0 1 1000.0 0.1 0.0 0.0 0.5
207 96 96 96 80 4 Vin
x 160 128 448 132 0 16 (a) low-pass 16k / 10 nF, then G = 2
207 144 192 128 192 4 Vin
r 144 192 240 192 0 16000.0
c 240 192 240 272 0 1e-08 0.0
g 240 272 240 288 0 0
w 240 192 336 192 0
a 336 208 400 208 9 15.0 -15.0 1000000.0 0.0 0.0 100000.0
w 336 224 304 224 0
w 304 224 304 272 0
r 304 272 304 336 0 10000.0
g 304 336 304 352 0 0
r 304 272 432 272 0 10000.0
w 432 272 432 208 0
w 400 208 432 208 0
w 432 208 464 208 0
207 464 208 480 208 4 Vout_a
x 160 384 552 388 0 16 (b) inverting low-pass, R2 = 100k parallel 1.6 nF
207 208 496 192 496 4 Vin
r 208 496 304 496 0 10000.0
w 304 496 336 496 0
a 336 512 400 512 8 15.0 -15.0 1000000.0 0.0 0.0 100000.0
w 336 528 336 544 0
g 336 544 336 560 0 0
w 304 496 304 464 0
r 304 464 432 464 0 100000.0
w 432 464 432 512 0
w 304 464 304 416 0
c 304 416 432 416 0 1.6e-09 0.0
w 432 416 432 464 0
w 400 512 432 512 0
w 432 512 464 512 0
207 464 512 480 512 4 Vout_b
x 672 384 1064 388 0 16 (c) inverting high-pass, 16 nF in series with 10k
207 704 496 688 496 4 Vin
c 704 496 784 496 0 1.6e-08 0.0
r 784 496 864 496 0 10000.0
w 864 496 896 496 0
a 896 512 960 512 8 15.0 -15.0 1000000.0 0.0 0.0 100000.0
w 896 528 896 544 0
g 896 544 896 560 0 0
w 864 496 864 448 0
r 864 448 992 448 0 100000.0
w 992 448 992 512 0
w 960 512 992 512 0
w 992 512 1024 512 0
207 1024 512 1040 512 4 Vout_c
o 1 8 0 4098 1 0.1 0 2 17 0
o 1 8 0 4098 1 0.1 1 3 33 0 47 0
