$ 1 0.00025 40 50 5 50 5e-11
R 96 112 64 112 0 1 50.0 0.52455 2.0 0.0 0.5
207 96 112 96 96 4 Vin
x 48 32 568 36 0 16 Vin = 2 V signal with 0.52 V, 50 Hz interference (4.9 mV x 107.6)
x 48 192 352 196 0 16 1st order: R = 6.8k, C = 10 uF, buffer
207 96 240 80 240 4 Vin
r 96 240 208 240 0 6800.0
c 208 240 208 320 0 1e-05 0.0
g 208 320 208 336 0 0
a 304 256 368 256 9 15.0 -15.0 1000000.0 0.0 0.0 100000.0
w 208 240 304 240 0
w 304 272 304 304 0
w 304 304 400 304 0
w 400 304 400 256 0
w 368 256 400 256 0
w 400 256 432 256 0
207 432 256 448 256 4 Vout_1st
x 48 368 440 372 0 16 Sallen-Key: R1 = R2 = 91k, C1 = 1 uF, C2 = 470 nF
r 96 480 192 480 0 91000.0
r 192 480 288 480 0 91000.0
w 288 480 320 480 0
c 288 480 288 560 0 4.7e-07 0.0
g 288 560 288 576 0 0
w 192 480 192 416 0
c 192 416 416 416 0 1e-06 0.0
w 416 416 416 496 0
a 320 496 384 496 9 15.0 -15.0 1000000.0 0.0 0.0 100000.0
w 320 512 320 544 0
w 320 544 416 544 0
w 416 544 416 496 0
w 384 496 416 496 0
w 416 496 448 496 0
207 96 480 80 480 4 Vin
207 448 496 464 496 4 Vout_SK
o 1 64 0 4098 3 0.1 0 3 15 0 32 0
