$ 1 2e-06 10 50 5 50 5e-11
R 96 96 64 96 0 1 1000.0 1.0 0.0 0.0 0.5
207 96 96 96 80 4 Vin_1kHz
R 96 192 64 192 0 1 10000.0 1.0 0.0 0.0 0.5
207 96 192 96 176 4 Vin_10kHz
207 96 352 80 352 4 Vin_1kHz
r 96 352 208 352 0 1600.0
c 208 352 208 432 0 1e-07 0.0
g 208 432 208 448 0 0
w 208 352 288 352 0
207 288 352 304 352 4 V1st_1kHz
r 448 352 544 352 0 10700.0
r 544 352 640 352 0 10700.0
w 640 352 672 352 0
c 640 352 640 432 0 1e-08 0.0
g 640 432 640 448 0 0
w 544 352 544 288 0
c 544 288 768 288 0 2.2e-08 0.0
w 768 288 768 368 0
a 672 368 736 368 9 15.0 -15.0 1000000.0 0.0 0.0 100000.0
w 672 384 672 416 0
w 672 416 768 416 0
w 768 416 768 368 0
w 736 368 768 368 0
w 768 368 800 368 0
207 448 352 432 352 4 Vin_1kHz
207 800 368 816 368 4 VSK_1kHz
207 96 608 80 608 4 Vin_10kHz
r 96 608 208 608 0 1600.0
c 208 608 208 688 0 1e-07 0.0
g 208 688 208 704 0 0
w 208 608 288 608 0
207 288 608 304 608 4 V1st_10kHz
r 448 608 544 608 0 10700.0
r 544 608 640 608 0 10700.0
w 640 608 672 608 0
c 640 608 640 688 0 1e-08 0.0
g 640 688 640 704 0 0
w 544 608 544 544 0
c 544 544 768 544 0 2.2e-08 0.0
w 768 544 768 624 0
a 672 624 736 624 9 15.0 -15.0 1000000.0 0.0 0.0 100000.0
w 672 640 672 672 0
w 672 672 768 672 0
w 768 672 768 624 0
w 736 624 768 624 0
w 768 624 800 624 0
207 448 608 432 608 4 Vin_10kHz
207 800 624 816 624 4 VSK_10kHz
x 48 272 232 276 0 16 1st order: 1.6k, 100 nF
x 448 256 856 260 0 16 Sallen-Key: R1 = R2 = 10.7k, C1 = 22 nF, C2 = 10 nF
o 3 1 0 4098 1 0.1 0 3 31 0 47 0
