$ 1 1e-05 10 50 5 50 5e-11
R 96 208 64 208 0 2 500.0 1.0 0.0 0.0 0.5
207 96 208 96 192 4 Vin
r 96 208 304 208 0 10000.0
w 304 208 336 208 0
a 336 224 400 224 8 15.0 -15.0 1000000.0 0.0 0.0 100000.0
w 336 240 336 256 0
g 336 256 336 272 0 0
w 304 208 304 160 0
c 304 160 432 160 0 1e-07 0.0
w 432 160 432 224 0
w 304 160 304 96 0
r 304 96 432 96 0 1000000.0
w 432 96 432 160 0
w 400 224 432 224 0
w 432 224 496 224 0
207 496 224 512 224 4 Vout
x 48 32 424 36 0 16 R = 10k, C = 100 nF, Rp = 1M limits the DC gain
x 48 304 272 308 0 16 slope = -Vin/(RC) = 1000 V/s
o 1 16 0 4098 1 0.1 0 2 15 0
