$ 1 2e-05 50 50 5 50 5e-11
x 48 32 464 36 0 16 Signal 2 V DC %2B 0.5 V 50 Hz hum, track window 1 ms
R 64 224 64 192 0 1 50.0 0.5 2.0 0.0 0.5
w 64 224 96 224 0
207 96 224 112 224 4 Vin
207 224 160 208 160 4 Vin
r 224 160 320 160 0 1000.0
159 320 160 384 160 0 20.0 10000000000.0 2.5
w 352 176 352 224 0
R 352 224 352 256 0 2 5.0 2.5 2.5 0.0 0.005
w 384 160 448 160 0
w 448 160 480 160 0
c 448 160 448 256 0 1e-07 0.0
g 448 256 448 272 0 0
207 480 160 496 160 4 Vs_5Hz
x 512 208 584 212 0 16 fs = 5 Hz
207 224 352 208 352 4 Vin
r 224 352 320 352 0 1000.0
159 320 352 384 352 0 20.0 10000000000.0 2.5
w 352 368 352 416 0
R 352 416 352 448 0 2 4.9 2.5 2.5 0.0 0.005
w 384 352 448 352 0
w 448 352 480 352 0
c 448 352 448 448 0 1e-07 0.0
g 448 448 448 464 0 0
207 480 352 496 352 4 Vs_4.9Hz
x 512 400 600 404 0 16 fs = 4.9 Hz
x 48 576 528 580 0 16 5 Hz: alias at 0 Hz (constant offset); 4.9 Hz: alias at 1 Hz
o 3 256 0 4098 5 0.1 0 3 13 0 24 0
