$ 1 0.0001 10 50 5 50 5e-11
x 48 32 504 36 0 16 Input: 1 Hz triangle 0..4 V plus 50 Hz interference 0.2 V
v 64 400 64 304 0 3 1.0 2.0 2.0 0.0 0.5
v 64 304 64 208 0 1 50.0 0.2 0.0 0.5 0.5
g 64 400 64 416 0 0
w 64 208 64 176 0
w 64 176 96 176 0
207 96 176 112 176 4 Vin
R 160 448 160 416 0 0 40.0 5.0 0.0 0.0 0.5
r 160 448 160 528 0 15000.0
r 160 528 160 608 0 10000.0
g 160 608 160 624 0 0
w 160 528 192 528 0
207 192 528 208 528 4 Vref
x 176 480 200 484 0 16 15k
x 176 560 200 564 0 16 10k
a 320 144 384 144 8 5.0 0.0 1000000.0 0.0 0.0 100000.0
207 320 128 304 128 4 Vref
207 320 160 304 160 4 Vin
w 384 144 448 144 0
w 448 144 480 144 0
207 480 144 496 144 4 Vcomp
x 304 80 408 84 0 16 no hysteresis
a 400 336 464 336 8 5.0 0.0 1000000.0 0.0 0.0 100000.0
207 400 320 384 320 4 Vref
207 208 352 192 352 4 Vin
r 208 352 336 352 0 10000.0
w 336 352 368 352 0
w 368 352 400 352 0
w 368 352 368 432 0
r 368 432 528 432 0 100000.0
w 528 432 528 336 0
w 464 336 528 336 0
w 528 336 560 336 0
207 560 336 576 336 4 Vschmitt
x 240 320 304 324 0 16 R1 = 10k
x 400 464 472 468 0 16 R2 = 100k
x 304 272 648 276 0 16 with hysteresis: VT%2B = 2.2 V, VT- = 1.7 V
o 6 16 0 4098 5 0.1 0 2 20 0
o 6 16 0 4098 5 0.1 1 2 33 0
