$ 1 0.001 10 50 5 50 5e-11
x 48 24 560 28 0 16 3-bit flash ADC: 8 x 1k from 4 V, LSB = 0.5 V, LEDs with 330 Ohm
R 176 80 176 48 0 0 40.0 2.6 0.0 0.0 0.5
w 176 80 208 80 0
207 208 80 224 80 4 Vin
R 96 128 96 96 0 0 40.0 4.0 0.0 0.0 0.5
r 96 128 96 208 0 1000.0
r 96 208 96 288 0 1000.0
r 96 288 96 368 0 1000.0
r 96 368 96 448 0 1000.0
r 96 448 96 528 0 1000.0
r 96 528 96 608 0 1000.0
r 96 608 96 688 0 1000.0
r 96 688 96 768 0 1000.0
g 96 768 96 784 0 0
x 16 80 96 84 0 16 Vref = 4 V
a 272 704 336 704 8 5.0 0.0 1000000.0 0.0 0.0 100000.0
w 96 688 272 688 0
207 272 720 256 720 4 Vin
w 336 704 368 704 0
207 368 704 368 688 4 C1
x 120 680 160 684 0 16 0.5 V
a 272 624 336 624 8 5.0 0.0 1000000.0 0.0 0.0 100000.0
w 96 608 272 608 0
207 272 640 256 640 4 Vin
w 336 624 368 624 0
207 368 624 368 608 4 C2
x 120 600 144 604 0 16 1 V
a 272 544 336 544 8 5.0 0.0 1000000.0 0.0 0.0 100000.0
w 96 528 272 528 0
207 272 560 256 560 4 Vin
w 336 544 368 544 0
207 368 544 368 528 4 C3
x 120 520 160 524 0 16 1.5 V
a 272 464 336 464 8 5.0 0.0 1000000.0 0.0 0.0 100000.0
w 96 448 272 448 0
207 272 480 256 480 4 Vin
w 336 464 368 464 0
207 368 464 368 448 4 C4
x 120 440 144 444 0 16 2 V
a 272 384 336 384 8 5.0 0.0 1000000.0 0.0 0.0 100000.0
w 96 368 272 368 0
207 272 400 256 400 4 Vin
w 336 384 368 384 0
207 368 384 368 368 4 C5
x 120 360 160 364 0 16 2.5 V
a 272 304 336 304 8 5.0 0.0 1000000.0 0.0 0.0 100000.0
w 96 288 272 288 0
207 272 320 256 320 4 Vin
w 336 304 368 304 0
207 368 304 368 288 4 C6
x 120 280 144 284 0 16 3 V
a 272 224 336 224 8 5.0 0.0 1000000.0 0.0 0.0 100000.0
w 96 208 272 208 0
207 272 240 256 240 4 Vin
w 336 224 368 224 0
207 368 224 368 208 4 C7
x 120 200 160 204 0 16 3.5 V
207 448 704 432 704 4 C1
r 448 704 544 704 0 330.0
162 544 704 608 704 2 default-led 1 0 0 0.01
g 608 704 608 720 0 0
207 448 624 432 624 4 C2
r 448 624 544 624 0 330.0
162 544 624 608 624 2 default-led 1 0 0 0.01
g 608 624 608 640 0 0
207 448 544 432 544 4 C3
r 448 544 544 544 0 330.0
162 544 544 608 544 2 default-led 1 0 0 0.01
g 608 544 608 560 0 0
207 448 464 432 464 4 C4
r 448 464 544 464 0 330.0
162 544 464 608 464 2 default-led 1 0 0 0.01
g 608 464 608 480 0 0
207 448 384 432 384 4 C5
r 448 384 544 384 0 330.0
162 544 384 608 384 2 default-led 1 0 0 0.01
g 608 384 608 400 0 0
207 448 304 432 304 4 C6
r 448 304 544 304 0 330.0
162 544 304 608 304 2 default-led 1 0 0 0.01
g 608 304 608 320 0 0
207 448 224 432 224 4 C7
r 448 224 544 224 0 330.0
162 544 224 608 224 2 default-led 1 0 0 0.01
g 608 224 608 240 0 0
x 448 96 520 100 0 16 bar graph
I 800 192 848 192 0 0.5 5.0
207 800 192 784 192 4 C2
207 848 192 864 192 4 nC2
I 800 240 848 240 0 0.5 5.0
207 800 240 784 240 4 C4
207 848 240 864 240 4 nC4
I 800 288 848 288 0 0.5 5.0
207 800 288 784 288 4 C6
207 848 288 864 288 4 nC6
150 944 192 1008 192 0 2 0.0 5.0
207 944 176 928 176 4 C2
207 944 208 928 208 4 nC4
207 1008 192 1024 192 4 a24
150 944 256 1008 256 0 2 0.0 5.0
207 944 240 928 240 4 C1
207 944 272 928 272 4 nC2
207 1008 256 1024 256 4 a12
150 944 320 1008 320 0 2 0.0 5.0
207 944 304 928 304 4 C3
207 944 336 928 336 4 nC4
207 1008 320 1024 320 4 a34
150 944 384 1008 384 0 2 0.0 5.0
207 944 368 928 368 4 C5
207 944 400 928 400 4 nC6
207 1008 384 1024 384 4 a56
152 1104 192 1168 192 0 2 0.0 5.0
207 1104 176 1088 176 4 a24
207 1104 208 1088 208 4 C6
207 1168 192 1184 192 4 B1
152 1104 336 1168 336 0 4 0.0 5.0
207 1104 304 1088 304 4 a12
207 1104 320 1088 320 4 a34
207 1104 352 1088 352 4 a56
207 1104 368 1088 368 4 C7
207 1168 336 1184 336 4 B0
207 1104 464 1088 464 4 C4
w 1104 464 1168 464 0
207 1168 464 1184 464 4 B2
x 800 128 1032 132 0 16 Thermometer-to-binary encoder
207 848 560 832 560 4 B2
r 848 560 944 560 0 330.0
162 944 560 1008 560 2 default-led 1 0 0 0.01
g 1008 560 1008 576 0 0
207 848 624 832 624 4 B1
r 848 624 944 624 0 330.0
162 944 624 1008 624 2 default-led 1 0 0 0.01
g 1008 624 1008 640 0 0
207 848 688 832 688 4 B0
r 848 688 944 688 0 330.0
162 944 688 1008 688 2 default-led 1 0 0 0.01
g 1008 688 1008 704 0 0
x 848 528 1024 532 0 16 binary output B2 B1 B0
38 1 F0 0 0 4 Vin
