$ 1 5e-06 10 50 5 50 5e-11
x 48 32 352 36 0 16 2-bit flash ADC: Vref = 4 V, LSB = 1 V
R 176 96 176 64 0 0 40.0 3.5 0.0 0.0 0.5
w 176 96 208 96 0
207 208 96 224 96 4 Vin
R 96 128 96 96 0 0 40.0 4.0 0.0 0.0 0.5
r 96 128 96 208 0 1000.0
r 96 208 96 288 0 1000.0
r 96 288 96 368 0 1000.0
r 96 368 96 448 0 1000.0
g 96 448 96 464 0 0
x 16 80 96 84 0 16 Vref = 4 V
a 272 384 336 384 8 5.0 0.0 1000000.0 0.0 0.0 100000.0
w 96 368 272 368 0
207 272 400 256 400 4 Vin
w 336 384 368 384 0
207 368 384 368 368 4 C1
x 120 360 144 364 0 16 1 V
a 272 304 336 304 8 5.0 0.0 1000000.0 0.0 0.0 100000.0
w 96 288 272 288 0
207 272 320 256 320 4 Vin
w 336 304 368 304 0
207 368 304 368 288 4 C2
x 120 280 144 284 0 16 2 V
a 272 224 336 224 8 5.0 0.0 1000000.0 0.0 0.0 100000.0
w 96 208 272 208 0
207 272 240 256 240 4 Vin
w 336 224 368 224 0
207 368 224 368 208 4 C3
x 120 200 144 204 0 16 3 V
I 496 192 544 192 0 0.5 5.0
207 496 192 480 192 4 C2
207 544 192 560 192 4 nC2
150 496 288 560 288 0 2 0.0 5.0
207 496 272 480 272 4 C1
207 496 304 480 304 4 nC2
207 560 288 576 288 4 a12
152 656 288 720 288 0 2 0.0 5.0
207 656 272 640 272 4 a12
207 656 304 640 304 4 C3
207 720 288 736 288 4 B0
207 656 384 640 384 4 C2
w 656 384 720 384 0
207 720 384 736 384 4 B1
x 496 128 712 132 0 16 B1 = C2, B0 = C1 nC2 %2B C3
38 1 F0 0 0 4 Vin
