$ 1 0.001 10 50 5 50 5e-11
x 48 24 560 28 0 16 3-bit flash ADC: 8 x 1k from 4 V, LSB = 0.5 V, LEDs with 330 Ohm
R 176 80 176 48 0 3 0.25 2.0 2.0 0.0 0.5
w 176 80 208 80 0
207 208 80 224 80 4 Vin
R 96 128 96 96 0 0 40.0 4.0 0.0 0.0 0.5
r 96 128 96 208 0 1000.0
r 96 208 96 288 0 1000.0
r 96 288 96 368 0 1000.0
r 96 368 96 448 0 1000.0
r 96 448 96 528 0 1000.0
r 96 528 96 608 0 1000.0
r 96 608 96 688 0 1000.0
r 96 688 96 768 0 1000.0
g 96 768 96 784 0 0
x 16 80 96 84 0 16 Vref = 4 V
a 272 704 336 704 8 5.0 0.0 1000000.0 0.0 0.0 100000.0
w 96 688 272 688 0
207 272 720 256 720 4 Vin
w 336 704 368 704 0
207 368 704 368 688 4 C1
x 120 680 160 684 0 16 0.5 V
a 272 624 336 624 8 5.0 0.0 1000000.0 0.0 0.0 100000.0
w 96 608 272 608 0
207 272 640 256 640 4 Vin
w 336 624 368 624 0
207 368 624 368 608 4 C2
x 120 600 144 604 0 16 1 V
a 272 544 336 544 8 5.0 0.0 1000000.0 0.0 0.0 100000.0
w 96 528 272 528 0
207 272 560 256 560 4 Vin
w 336 544 368 544 0
207 368 544 368 528 4 C3
x 120 520 160 524 0 16 1.5 V
a 272 464 336 464 8 5.0 0.0 1000000.0 0.0 0.0 100000.0
w 96 448 272 448 0
207 272 480 256 480 4 Vin
w 336 464 368 464 0
207 368 464 368 448 4 C4
x 120 440 144 444 0 16 2 V
a 272 384 336 384 8 5.0 0.0 1000000.0 0.0 0.0 100000.0
w 96 368 272 368 0
207 272 400 256 400 4 Vin
w 336 384 368 384 0
207 368 384 368 368 4 C5
x 120 360 160 364 0 16 2.5 V
a 272 304 336 304 8 5.0 0.0 1000000.0 0.0 0.0 100000.0
w 96 288 272 288 0
207 272 320 256 320 4 Vin
w 336 304 368 304 0
207 368 304 368 288 4 C6
x 120 280 144 284 0 16 3 V
a 272 224 336 224 8 5.0 0.0 1000000.0 0.0 0.0 100000.0
w 96 208 272 208 0
207 272 240 256 240 4 Vin
w 336 224 368 224 0
207 368 224 368 208 4 C7
x 120 200 160 204 0 16 3.5 V
I 512 192 560 192 0 0.5 5.0
207 512 192 496 192 4 C2
207 560 192 576 192 4 nC2
I 512 240 560 240 0 0.5 5.0
207 512 240 496 240 4 C4
207 560 240 576 240 4 nC4
I 512 288 560 288 0 0.5 5.0
207 512 288 496 288 4 C6
207 560 288 576 288 4 nC6
150 656 192 720 192 0 2 0.0 5.0
207 656 176 640 176 4 C2
207 656 208 640 208 4 nC4
207 720 192 736 192 4 a24
150 656 256 720 256 0 2 0.0 5.0
207 656 240 640 240 4 C1
207 656 272 640 272 4 nC2
207 720 256 736 256 4 a12
150 656 320 720 320 0 2 0.0 5.0
207 656 304 640 304 4 C3
207 656 336 640 336 4 nC4
207 720 320 736 320 4 a34
150 656 384 720 384 0 2 0.0 5.0
207 656 368 640 368 4 C5
207 656 400 640 400 4 nC6
207 720 384 736 384 4 a56
152 816 192 880 192 0 2 0.0 5.0
207 816 176 800 176 4 a24
207 816 208 800 208 4 C6
207 880 192 896 192 4 B1
152 816 336 880 336 0 4 0.0 5.0
207 816 304 800 304 4 a12
207 816 320 800 320 4 a34
207 816 352 800 352 4 a56
207 816 368 800 368 4 C7
207 880 336 896 336 4 B0
207 816 464 800 464 4 C4
w 816 464 880 464 0
207 880 464 896 464 4 B2
x 512 128 744 132 0 16 Thermometer-to-binary encoder
x 864 432 1160 436 0 16 R-2R DAC with 4R load: 0.5 V per code
w 800 512 864 512 0
r 800 512 800 608 0 20000.0
g 800 608 800 624 0 0
r 864 512 992 512 0 10000.0
r 992 512 1120 512 0 10000.0
r 864 512 864 608 0 20000.0
207 864 608 864 624 4 B0
r 992 512 992 608 0 20000.0
207 992 608 992 624 4 B1
r 1120 512 1120 608 0 20000.0
207 1120 608 1120 624 4 B2
w 1120 512 1184 512 0
w 1184 512 1216 512 0
r 1216 512 1216 608 0 40000.0
g 1216 608 1216 624 0 0
w 1216 512 1280 512 0
207 1280 512 1296 512 4 Vq
o 3 16 0 4098 5 0.1 0 2 113 0
