$ 1 0.001 10 50 5 50 5e-11
x 48 32 368 36 0 16 R-2R DAC, R = 10k: Vout = 5 V * code / 8
R 96 128 64 128 0 2 1.0 2.5 2.5 3.141592653589793 0.5
w 96 128 128 128 0
207 128 128 144 128 4 B0
x 16 104 72 108 0 16 B0 1 Hz
R 96 192 64 192 0 2 0.5 2.5 2.5 3.141592653589793 0.5
w 96 192 128 192 0
207 128 192 144 192 4 B1
x 16 168 88 172 0 16 B1 0.5 Hz
R 96 256 64 256 0 2 0.25 2.5 2.5 3.141592653589793 0.5
w 96 256 128 256 0
207 128 256 144 256 4 B2
x 16 232 96 236 0 16 B2 0.25 Hz
w 192 160 256 160 0
r 192 160 192 256 0 20000.0
g 192 256 192 272 0 0
r 256 160 384 160 0 10000.0
r 384 160 512 160 0 10000.0
r 256 160 256 256 0 20000.0
207 256 256 256 272 4 B0
r 384 160 384 256 0 20000.0
207 384 256 384 272 4 B1
r 512 160 512 256 0 20000.0
207 512 256 512 272 4 B2
w 512 160 576 160 0
w 576 160 608 160 0
207 576 160 576 144 4 Vdac
x 304 128 312 132 0 16 R
x 432 128 440 132 0 16 R
x 176 208 192 212 0 16 2R
a 608 176 672 176 9 15.0 -15.0 1000000.0 0.0 0.0 100000.0
w 672 176 688 176 0
w 688 176 720 176 0
w 688 176 688 240 0
w 688 240 608 240 0
w 608 240 608 192 0
207 720 176 736 176 4 Vout
o 36 16 0 4098 5 0.1 0 1
