$ 1 5e-06 10 50 5 50 5e-11
x 48 32 672 36 0 16 Brokaw cell: the op-amp forces equal collector currents in Q2 (1x) and Q1 (8x)
v 48 528 48 80 0 0 40.0 5.0 0.0 0.0 0.5
g 48 528 48 544 0 0
w 48 80 288 80 0
w 288 80 896 80 0
t 256 288 288 288 0 1 0.0 0.0 100.0 default
r 288 80 288 208 0 10000.0
w 288 208 288 272 0
207 288 208 304 208 4 C2
t 416 288 448 288 0 1 0.0 0.0 100.0 default
w 448 272 448 240 0
w 448 304 448 336 0
w 416 288 416 368 0
t 480 288 512 288 0 1 0.0 0.0 100.0 default
w 512 272 512 240 0
w 512 304 512 336 0
w 480 288 480 368 0
t 544 288 576 288 0 1 0.0 0.0 100.0 default
w 576 272 576 240 0
w 576 304 576 336 0
w 544 288 544 368 0
t 608 288 640 288 0 1 0.0 0.0 100.0 default
w 640 272 640 240 0
w 640 304 640 336 0
w 608 288 608 368 0
t 672 288 704 288 0 1 0.0 0.0 100.0 default
w 704 272 704 240 0
w 704 304 704 336 0
w 672 288 672 368 0
t 736 288 768 288 0 1 0.0 0.0 100.0 default
w 768 272 768 240 0
w 768 304 768 336 0
w 736 288 736 368 0
t 800 288 832 288 0 1 0.0 0.0 100.0 default
w 832 272 832 240 0
w 832 304 832 336 0
w 800 288 800 368 0
t 864 288 896 288 0 1 0.0 0.0 100.0 default
w 896 272 896 240 0
w 896 304 896 336 0
w 864 288 864 368 0
w 448 240 512 240 0
w 512 240 576 240 0
w 576 240 640 240 0
w 640 240 704 240 0
w 704 240 768 240 0
w 768 240 832 240 0
w 832 240 896 240 0
w 448 336 512 336 0
w 512 336 576 336 0
w 576 336 640 336 0
w 640 336 704 336 0
w 704 336 768 336 0
w 768 336 832 336 0
w 832 336 896 336 0
r 896 80 896 208 0 10000.0
w 896 208 896 240 0
207 896 208 912 208 4 C1
w 256 288 256 368 0
w 256 368 416 368 0
w 416 368 480 368 0
w 480 368 544 368 0
w 544 368 608 368 0
w 608 368 672 368 0
w 672 368 736 368 0
w 736 368 800 368 0
w 800 368 864 368 0
207 256 368 240 368 4 VBG
r 896 336 896 432 0 1000.0
w 288 304 288 432 0
w 288 432 592 432 0
w 592 432 896 432 0
r 592 432 592 528 0 5600.0
207 592 432 592 416 4 VE
w 48 528 592 528 0
a 128 160 192 160 8 5.0 0.0 1000000.0 0.0 0.0 100000.0
207 128 144 112 144 4 C1
207 128 176 112 176 4 C2
207 192 160 208 160 4 VBG
x 656 464 832 468 0 16 R2 = 1k: I = dVBE / R2
x 656 496 888 500 0 16 R1 = 5.6k: VE = 2 I R1 (PTAT)
38 72 F0 0 3000 9000 R1\s(PTAT\sgain)
