$ 1 5e-06 10 50 5 50 5e-11
x 48 32 608 36 0 16 Diode-connected transistors: Q1 at 100 uA, 8 x Q at 100 uA, Q at 10 uA
v 48 416 48 96 0 0 40.0 5.0 0.0 0.0 0.5
g 48 416 48 432 0 0
t 160 288 192 288 0 1 0.0 0.0 100.0 default
w 160 288 160 256 0
w 192 272 192 256 0
w 192 304 192 320 0
w 160 256 192 256 0
i 192 96 192 224 0 0.0001 1000.0
w 192 224 192 256 0
w 192 320 192 416 0
207 192 224 208 224 4 VBE1
x 144 456 248 460 0 16 1 x Q, 100 uA
t 320 288 352 288 0 1 0.0 0.0 100.0 default
w 320 288 320 256 0
w 352 272 352 256 0
w 352 304 352 320 0
t 384 288 416 288 0 1 0.0 0.0 100.0 default
w 384 288 384 256 0
w 416 272 416 256 0
w 416 304 416 320 0
t 448 288 480 288 0 1 0.0 0.0 100.0 default
w 448 288 448 256 0
w 480 272 480 256 0
w 480 304 480 320 0
t 512 288 544 288 0 1 0.0 0.0 100.0 default
w 512 288 512 256 0
w 544 272 544 256 0
w 544 304 544 320 0
t 576 288 608 288 0 1 0.0 0.0 100.0 default
w 576 288 576 256 0
w 608 272 608 256 0
w 608 304 608 320 0
t 640 288 672 288 0 1 0.0 0.0 100.0 default
w 640 288 640 256 0
w 672 272 672 256 0
w 672 304 672 320 0
t 704 288 736 288 0 1 0.0 0.0 100.0 default
w 704 288 704 256 0
w 736 272 736 256 0
w 736 304 736 320 0
t 768 288 800 288 0 1 0.0 0.0 100.0 default
w 768 288 768 256 0
w 800 272 800 256 0
w 800 304 800 320 0
w 320 256 352 256 0
w 352 256 384 256 0
w 384 256 416 256 0
w 416 256 448 256 0
w 448 256 480 256 0
w 480 256 512 256 0
w 512 256 544 256 0
w 544 256 576 256 0
w 576 256 608 256 0
w 608 256 640 256 0
w 640 256 672 256 0
w 672 256 704 256 0
w 704 256 736 256 0
w 736 256 768 256 0
w 768 256 800 256 0
w 352 320 416 320 0
w 416 320 480 320 0
w 480 320 544 320 0
w 544 320 608 320 0
w 608 320 672 320 0
w 672 320 736 320 0
w 736 320 800 320 0
i 352 96 352 224 0 0.0001 1000.0
w 352 224 352 256 0
w 352 320 352 416 0
207 352 224 368 224 4 VBE8
x 304 456 408 460 0 16 8 x Q, 100 uA
t 896 288 928 288 0 1 0.0 0.0 100.0 default
w 896 288 896 256 0
w 928 272 928 256 0
w 928 304 928 320 0
w 896 256 928 256 0
i 928 96 928 224 0 1e-05 1000.0
w 928 224 928 256 0
w 928 320 928 416 0
207 928 224 944 224 4 VBE10
x 880 456 976 460 0 16 1 x Q, 10 uA
w 48 96 192 96 0
w 192 96 352 96 0
w 352 96 928 96 0
w 48 416 192 416 0
w 192 416 352 416 0
w 352 416 928 416 0
