$ 1 5e-06 10 50 5 50 5e-11
x 48 24 496 28 0 16 Left: sensor divider and ladder from VREF (ratiometric).
x 48 48 624 52 0 16 Right: sensor divider from a fixed 4.00 V, ladder from VREF. Change VREF
v 48 448 48 112 0 0 40.0 4.0 0.0 0.0 0.5
g 48 448 48 464 0 0
207 48 112 48 96 4 VREF
v 1072 448 1072 304 0 0 40.0 4.0 0.0 0.0 0.5
g 1072 448 1072 464 0 0
207 1072 304 1072 288 4 V4
207 176 112 176 96 4 VREF
r 176 112 176 208 0 1000.0
r 176 208 176 336 0 2700.0
g 176 336 176 352 0 0
207 176 208 160 208 4 VIN1
207 288 112 288 96 4 VREF
r 288 112 288 192 0 1000.0
r 288 192 288 272 0 1000.0
r 288 272 288 352 0 1000.0
r 288 352 288 432 0 1000.0
g 288 432 288 448 0 0
a 416 208 480 208 8 5.0 0.0 1000000.0 0.0 0.0 100000.0
w 288 192 416 192 0
207 416 224 400 224 4 VIN1
207 480 208 496 208 4 D3
a 416 288 480 288 8 5.0 0.0 1000000.0 0.0 0.0 100000.0
w 288 272 416 272 0
207 416 304 400 304 4 VIN1
207 480 288 496 288 4 D2
a 416 368 480 368 8 5.0 0.0 1000000.0 0.0 0.0 100000.0
w 288 352 416 352 0
207 416 384 400 384 4 VIN1
207 480 368 496 368 4 D1
207 608 112 608 96 4 V4
r 608 112 608 208 0 1000.0
r 608 208 608 336 0 2700.0
g 608 336 608 352 0 0
207 608 208 592 208 4 VIN2
207 720 112 720 96 4 VREF
r 720 112 720 192 0 1000.0
r 720 192 720 272 0 1000.0
r 720 272 720 352 0 1000.0
r 720 352 720 432 0 1000.0
g 720 432 720 448 0 0
a 848 208 912 208 8 5.0 0.0 1000000.0 0.0 0.0 100000.0
w 720 192 848 192 0
207 848 224 832 224 4 VIN2
207 912 208 928 208 4 E3
a 848 288 912 288 8 5.0 0.0 1000000.0 0.0 0.0 100000.0
w 720 272 848 272 0
207 848 304 832 304 4 VIN2
207 912 288 928 288 4 E2
a 848 368 912 368 8 5.0 0.0 1000000.0 0.0 0.0 100000.0
w 720 352 848 352 0
207 848 384 832 384 4 VIN2
207 912 368 928 368 4 E1
38 2 F0 0 3 5 VREF
38 10 F0 0 500 4000 Sensor\sR\sleft
38 33 F0 0 500 4000 Sensor\sR\sright
