$ 1 5e-06 10 50 5 50 5e-11
x 48 32 488 36 0 16 5.00 V reference, divider 10k / 40k. Ladder 8 x 1k = 8k
v 64 416 64 128 0 0 40.0 5.0 0.0 0.0 0.5
g 64 416 64 432 0 0
w 64 128 160 128 0
r 160 128 160 256 0 10000.0
r 160 256 160 416 0 40000.0
w 64 416 160 416 0
207 160 256 176 256 4 Vopen
x 64 96 96 100 0 16 open
v 352 416 352 128 0 0 40.0 5.0 0.0 0.0 0.5
g 352 416 352 432 0 0
w 352 128 448 128 0
r 448 128 448 256 0 10000.0
r 448 256 448 416 0 40000.0
w 352 416 448 416 0
w 448 256 544 256 0
r 544 256 544 416 0 8000.0
w 448 416 544 416 0
207 544 256 544 240 4 Vload
x 352 96 528 100 0 16 ladder (8k) at the tap
v 640 416 640 128 0 0 40.0 5.0 0.0 0.0 0.5
g 640 416 640 432 0 0
w 640 128 736 128 0
r 736 128 736 256 0 10000.0
r 736 256 736 416 0 40000.0
w 640 416 736 416 0
x 640 96 808 100 0 16 follower, then ladder
a 800 272 864 272 9 15.0 -15.0 1000000.0 0.0 0.0 100000.0
w 736 256 800 256 0
w 800 288 784 288 0
w 784 288 784 336 0
w 784 336 880 336 0
w 880 336 880 272 0
w 864 272 880 272 0
w 880 272 912 272 0
r 912 272 912 416 0 8000.0
g 912 416 912 432 0 0
207 912 272 912 256 4 Vbuf
