$ 1 5e-06 10 50 5 50 5e-11
x 48 32 560 36 0 16 2.5 V reference, non-inverting amplifier G = 1 %2B 12k/20k = 1.6
v 64 416 64 240 0 0 40.0 2.5 0.0 0.0 0.5
g 64 416 64 432 0 0
207 64 240 64 224 4 V25
a 192 256 256 256 9 15.0 -15.0 1000000.0 0.0 0.0 100000.0
w 64 240 192 240 0
w 192 272 176 272 0
w 176 272 176 336 0
r 176 336 176 432 0 20000.0
g 176 432 176 448 0 0
r 176 336 288 336 0 12000.0
w 288 336 288 256 0
w 256 256 288 256 0
w 288 256 352 256 0
w 352 256 352 128 0
w 352 128 448 128 0
207 352 128 352 112 4 VREF4
r 448 128 448 176 0 1000.0
207 448 176 464 176 4 T7
r 448 176 448 224 0 1000.0
207 448 224 464 224 4 T6
r 448 224 448 272 0 1000.0
207 448 272 464 272 4 T5
r 448 272 448 320 0 1000.0
207 448 320 464 320 4 T4
r 448 320 448 368 0 1000.0
207 448 368 464 368 4 T3
r 448 368 448 416 0 1000.0
207 448 416 464 416 4 T2
r 448 416 448 464 0 1000.0
207 448 464 464 464 4 T1
r 448 464 448 512 0 1000.0
g 448 512 448 528 0 0
x 512 64 832 68 0 16 ladder 8 x 1k: taps T7 .. T1 every 0.5 V
