$ 1 5e-06 10 50 5 50 5e-11
x 48 32 696 36 0 16 TL431 model: op-amp, internal 2.5 V, shunt transistor. Vout = 2.5 V (1 %2B R1/R2)
v 48 448 48 96 0 0 40.0 12.0 0.0 0.0 0.5
g 48 448 48 464 0 0
w 48 96 176 96 0
r 176 96 176 192 0 1000.0
w 176 192 336 192 0
w 336 192 576 192 0
w 576 192 608 192 0
207 608 192 624 192 4 VK
r 336 192 336 288 0 12000.0
r 336 288 336 448 0 20000.0
207 336 288 320 288 4 REF
a 432 320 496 320 9 12.0 0.0 1000000.0 0.0 0.0 10000.0
w 336 288 416 288 0
w 416 288 416 304 0
w 416 304 432 304 0
R 416 400 416 432 0 0 40.0 2.5 0.0 0.0 0.5
w 432 336 416 336 0
w 416 336 416 400 0
r 496 320 544 320 0 10000.0
t 544 320 576 320 0 1 0.0 0.0 100.0 default
w 576 304 576 192 0
w 576 336 576 448 0
w 48 448 336 448 0
w 336 448 576 448 0
b 384 240 624 432 0
x 400 256 504 260 0 16 TL431 (model)
38 1 F0 0 6 15 Supply\sV
