$ 1 5e-06 10 50 5 50 5e-11
x 48 32 344 36 0 16 Zener 5.6 V with series resistor 1.2k
v 64 384 64 128 0 0 40.0 12.0 0.0 0.0 0.5
g 64 384 64 400 0 0
w 64 128 192 128 0
r 192 128 192 256 0 1200.0
z 192 384 192 256 1 0.805904783 5.6
w 64 384 192 384 0
207 192 256 208 256 4 Vz12
x 64 96 96 100 0 16 12 V
v 384 384 384 128 0 0 40.0 14.0 0.0 0.0 0.5
g 384 384 384 400 0 0
w 384 128 512 128 0
r 512 128 512 256 0 1200.0
z 512 384 512 256 1 0.805904783 5.6
w 384 384 512 384 0
207 512 256 528 256 4 Vz14
x 384 96 416 100 0 16 14 V
v 704 384 704 128 0 0 40.0 12.0 0.0 0.0 0.5
g 704 384 704 400 0 0
w 704 128 832 128 0
r 832 128 832 256 0 1200.0
z 832 384 832 256 1 0.805904783 5.6
w 704 384 832 384 0
w 832 256 928 256 0
r 928 256 928 384 0 2200.0
w 832 384 928 384 0
207 928 256 944 256 4 Vz12L
x 704 96 824 100 0 16 12 V, load 2.2k
38 1 F0 0 8 16 Supply\sV\s(left)
