$ 1 5e-06 10 50 5 50 5e-11
x 48 32 528 36 0 16 Supply 12 V (slider). Left: 1.2k, right: current source 5 mA
v 64 400 64 112 0 0 40.0 12.0 0.0 0.0 0.5
g 64 400 64 416 0 0
w 64 112 224 112 0
w 224 112 480 112 0
r 224 112 224 256 0 1200.0
z 224 400 224 256 1 0.805904783 5.6
207 224 256 240 256 4 VzR
i 480 112 480 256 0 0.005 1000.0
w 480 112 576 112 0
r 576 112 576 256 0 100000.0
w 480 256 576 256 0
z 480 400 480 256 1 0.805904783 5.6
207 480 256 464 256 4 VzI
w 64 400 224 400 0
w 224 400 480 400 0
x 608 176 768 180 0 16 real current source:
x 608 200 864 204 0 16 5 mA with 100k output resistance
38 1 F0 0 8 16 Supply\sV
