$ 1 0.0001 40 50 5 50 5e-11
b 32 32 1088 512 0
x 48 56 552 60 0 16 1  Conditioning: Pt100 bridge, INA (G=10), gain stage (G=10.76)
R 96 112 96 80 0 0 40.0 4.0 0.0 0.0 0.5
207 96 112 96 128 4 VREF
w 96 112 160 112 0
w 160 112 288 112 0
r 160 112 160 240 0 3900.0
r 160 240 160 336 0 136.06722931544397
v 160 432 160 336 0 1 50.0 0.005 0.0 1.5707963267948966 0.5
g 160 432 160 448 0 0
x 176 300 216 304 0 16 Pt100
x 176 400 264 404 0 16 50 Hz, 5 mV
207 160 240 128 240 4 VS
r 288 112 288 240 0 3900.0
r 288 240 288 432 0 100.0
g 288 432 288 448 0 0
207 288 240 320 240 4 VR
a 432 192 496 192 8 15.0 -15.0 1000000.0 0.0 0.0 100000.0
w 432 176 432 144 0
w 432 144 496 144 0
w 496 144 496 192 0
207 400 208 384 208 4 VS
w 400 208 432 208 0
w 496 192 528 192 0
207 528 192 544 192 4 VSB
a 432 368 496 368 8 15.0 -15.0 1000000.0 0.0 0.0 100000.0
w 432 352 432 320 0
w 432 320 496 320 0
w 496 320 496 368 0
207 400 384 384 384 4 VR
w 400 384 432 384 0
w 496 368 528 368 0
207 528 368 544 368 4 VRB
a 704 288 768 288 8 15.0 -15.0 1000000.0 0.0 0.0 100000.0
207 560 272 544 272 4 VRB
r 560 272 704 272 0 10000.0
w 704 272 640 272 0
w 640 272 640 208 0
r 640 208 768 208 0 100000.0
w 768 208 768 288 0
207 560 304 544 304 4 VSB
r 560 304 704 304 0 10000.0
w 704 304 656 304 0
r 656 304 656 432 0 100000.0
g 656 432 656 448 0 0
w 768 288 800 288 0
207 800 288 800 272 4 VDIFF
a 880 304 944 304 9 15.0 -15.0 1000000.0 0.0 0.0 100000.0
w 800 288 880 288 0
w 880 320 880 368 0
r 880 368 880 464 0 10000.0
g 880 464 880 480 0 0
w 880 368 944 368 0
r 944 368 1008 368 0 97600.0
w 1008 368 1008 304 0
w 944 304 1008 304 0
w 1008 304 1040 304 0
207 1040 304 1056 304 4 VCOND
b 1120 32 1504 512 0
x 1136 56 1448 60 0 16 2  Anti-aliasing low-pass, fc = 2.34 Hz
207 1168 240 1152 240 4 VCOND
r 1168 240 1264 240 0 6800.0
w 1264 240 1264 256 0
c 1264 256 1264 352 0 1e-05 0.0
g 1264 352 1264 368 0 0
w 1264 240 1296 240 0
207 1296 240 1312 240 4 VF
a 1360 224 1424 224 8 15.0 -15.0 1000000.0 0.0 0.0 100000.0
w 1360 208 1360 176 0
w 1360 176 1424 176 0
w 1424 176 1424 224 0
207 1328 240 1312 240 4 VF
w 1328 240 1360 240 0
w 1424 224 1456 224 0
207 1456 224 1472 224 4 VAA
b 1536 32 2080 512 0
x 1552 56 1904 60 0 16 3  Sample and hold, fs = 5 Hz (20 ms window)
a 1632 224 1696 224 8 15.0 -15.0 1000000.0 0.0 0.0 100000.0
w 1632 208 1632 176 0
w 1632 176 1696 176 0
w 1696 176 1696 224 0
207 1600 240 1584 240 4 VAA
w 1600 240 1632 240 0
w 1696 224 1728 224 0
207 1728 224 1744 224 4 VSH
159 1760 240 1824 240 0 20.0 10000000000.0 2.5
207 1760 240 1744 240 4 VSH
w 1824 240 1856 240 0
c 1856 240 1856 336 0 1e-06 0.0
g 1856 336 1856 352 0 0
w 1856 240 1888 240 0
207 1888 240 1904 240 4 VC
R 1792 256 1792 288 0 2 5.0 2.5 2.5 0.0 0.1
x 1680 384 1864 388 0 16 clock 0/5 V, 5 Hz, 10 %
a 1952 224 2016 224 8 15.0 -15.0 1000000.0 0.0 0.0 100000.0
w 1952 208 1952 176 0
w 1952 176 2016 176 0
w 2016 176 2016 224 0
207 1920 240 1904 240 4 VC
w 1920 240 1952 240 0
w 2016 224 2048 224 0
207 2048 224 2064 224 4 VHOLD
b 32 544 1088 1120 0
x 48 568 480 572 0 16 4  Flash ADC: 8 x 1k ladder from 4.00 V, 7 comparators
207 96 608 96 592 4 VREF
r 96 608 96 672 0 1000.0
r 96 672 96 736 0 1000.0
r 96 736 96 800 0 1000.0
r 96 800 96 864 0 1000.0
r 96 864 96 928 0 1000.0
r 96 928 96 992 0 1000.0
r 96 992 96 1056 0 1000.0
r 96 1056 96 1120 0 1000.0
g 96 1120 96 1136 0 0
w 96 672 128 672 0
207 128 672 144 672 4 T7
w 96 736 128 736 0
207 128 736 144 736 4 T6
w 96 800 128 800 0
207 128 800 144 800 4 T5
w 96 864 128 864 0
207 128 864 144 864 4 T4
w 96 928 128 928 0
207 128 928 144 928 4 T3
w 96 992 128 992 0
207 128 992 144 992 4 T2
w 96 1056 128 1056 0
207 128 1056 144 1056 4 T1
a 352 1072 416 1072 9 5.0 0.0 1000000.0 0.0 0.0 100000.0
207 320 1056 304 1056 4 VHOLD
w 320 1056 352 1056 0
207 320 1088 304 1088 4 T1
w 320 1088 352 1088 0
w 416 1072 448 1072 0
207 448 1072 464 1072 4 C1
a 352 1008 416 1008 9 5.0 0.0 1000000.0 0.0 0.0 100000.0
207 320 992 304 992 4 VHOLD
w 320 992 352 992 0
207 320 1024 304 1024 4 T2
w 320 1024 352 1024 0
w 416 1008 448 1008 0
207 448 1008 464 1008 4 C2
a 352 944 416 944 9 5.0 0.0 1000000.0 0.0 0.0 100000.0
207 320 928 304 928 4 VHOLD
w 320 928 352 928 0
207 320 960 304 960 4 T3
w 320 960 352 960 0
w 416 944 448 944 0
207 448 944 464 944 4 C3
a 352 880 416 880 9 5.0 0.0 1000000.0 0.0 0.0 100000.0
207 320 864 304 864 4 VHOLD
w 320 864 352 864 0
207 320 896 304 896 4 T4
w 320 896 352 896 0
w 416 880 448 880 0
207 448 880 464 880 4 C4
a 352 816 416 816 9 5.0 0.0 1000000.0 0.0 0.0 100000.0
207 320 800 304 800 4 VHOLD
w 320 800 352 800 0
207 320 832 304 832 4 T5
w 320 832 352 832 0
w 416 816 448 816 0
207 448 816 464 816 4 C5
a 352 752 416 752 9 5.0 0.0 1000000.0 0.0 0.0 100000.0
207 320 736 304 736 4 VHOLD
w 320 736 352 736 0
207 320 768 304 768 4 T6
w 320 768 352 768 0
w 416 752 448 752 0
207 448 752 464 752 4 C6
a 352 688 416 688 9 5.0 0.0 1000000.0 0.0 0.0 100000.0
207 320 672 304 672 4 VHOLD
w 320 672 352 672 0
207 320 704 304 704 4 T7
w 320 704 352 704 0
w 416 688 448 688 0
207 448 688 464 688 4 C7
x 592 640 808 644 0 16 Ck = 1 if VHOLD > k x 0.5 V
x 592 672 880 676 0 16 thermometer code C1..C7, LSB = 0.5 V
b 1120 544 2080 1120 0
x 1136 568 1312 572 0 16 5  Encoder and display
207 1168 640 1152 640 4 C2
I 1168 640 1216 640 0 0.5 5.0
207 1216 640 1232 640 4 N2
207 1168 688 1152 688 4 C4
I 1168 688 1216 688 0 0.5 5.0
207 1216 688 1232 688 4 N4
207 1168 736 1152 736 4 C6
I 1168 736 1216 736 0 0.5 5.0
207 1216 736 1232 736 4 N6
150 1184 832 1248 832 0 2 0.0 5.0
207 1184 816 1168 816 4 C1
207 1184 848 1168 848 4 N2
207 1248 832 1264 832 4 A0
150 1184 896 1248 896 0 2 0.0 5.0
207 1184 880 1168 880 4 C3
207 1184 912 1168 912 4 N4
207 1248 896 1264 896 4 A1
150 1184 960 1248 960 0 2 0.0 5.0
207 1184 944 1168 944 4 C5
207 1184 976 1168 976 4 N6
207 1248 960 1264 960 4 A2
150 1184 1024 1248 1024 0 2 0.0 5.0
207 1184 1008 1168 1008 4 C2
207 1184 1040 1168 1040 4 N4
207 1248 1024 1264 1024 4 A3
152 1392 672 1456 672 0 4 0.0 5.0
207 1392 704 1376 704 4 A0
207 1392 688 1376 688 4 A1
207 1392 656 1376 656 4 A2
207 1392 640 1376 640 4 C7
207 1456 672 1472 672 4 B0
152 1392 848 1456 848 0 2 0.0 5.0
207 1392 832 1376 832 4 A3
207 1392 864 1376 864 4 C6
207 1456 848 1472 848 4 B1
x 1312 960 1368 964 0 16 B2 = C4
x 1312 992 1456 996 0 16 B1 = C2 !C4 %2B C6
x 1312 1024 1632 1028 0 16 B0 = C1 !C2 %2B C3 !C4 %2B C5 !C6 %2B C7
207 1600 640 1600 624 4 C1
r 1600 640 1600 736 0 330.0
162 1600 736 1600 816 2 default-led 1 0 0 0.01
g 1600 816 1600 832 0 0
207 1632 640 1632 624 4 C2
r 1632 640 1632 736 0 330.0
162 1632 736 1632 816 2 default-led 1 0 0 0.01
g 1632 816 1632 832 0 0
207 1664 640 1664 624 4 C3
r 1664 640 1664 736 0 330.0
162 1664 736 1664 816 2 default-led 1 0 0 0.01
g 1664 816 1664 832 0 0
207 1696 640 1696 624 4 C4
r 1696 640 1696 736 0 330.0
162 1696 736 1696 816 2 default-led 1 0 0 0.01
g 1696 816 1696 832 0 0
207 1728 640 1728 624 4 C5
r 1728 640 1728 736 0 330.0
162 1728 736 1728 816 2 default-led 1 0 0 0.01
g 1728 816 1728 832 0 0
207 1760 640 1760 624 4 C6
r 1760 640 1760 736 0 330.0
162 1760 736 1760 816 2 default-led 1 0 0 0.01
g 1760 816 1760 832 0 0
207 1792 640 1792 624 4 C7
r 1792 640 1792 736 0 330.0
162 1792 736 1792 816 2 default-led 1 0 0 0.01
g 1792 816 1792 832 0 0
207 1856 640 1856 624 4 B0
r 1856 640 1856 736 0 330.0
162 1856 736 1856 816 2 default-led 0 1 0 0.01
g 1856 816 1856 832 0 0
207 1888 640 1888 624 4 B1
r 1888 640 1888 736 0 330.0
162 1888 736 1888 816 2 default-led 0 1 0 0.01
g 1888 816 1888 832 0 0
207 1920 640 1920 624 4 B2
r 1920 640 1920 736 0 330.0
162 1920 736 1920 816 2 default-led 0 1 0 0.01
g 1920 816 1920 832 0 0
x 1600 880 1776 884 0 16 bar graph C1..C7 (red)
x 1600 912 1784 916 0 16 binary B0 B1 B2 (green)
x 1600 944 1768 948 0 16 each LED with 330 Ohm
x 1600 1008 1712 1012 0 16 B2 = C4 (wire)
207 1600 1056 1584 1056 4 C4
w 1600 1056 1664 1056 0
207 1664 1056 1680 1056 4 B2
o 81 64 0 4098 5 0.1 0 2 171 0
o 171 64 0 4098 5 0.1 1 2 60 0
38 7 F0 0 100 138.5 Sensor\sR\s(Pt100,\s0..100\sC)
