$ 1 5e-06 10 50 5 50 5e-11
g 96 160 96 176 0 0
w 96 144 96 160 0
v 96 144 96 96 0 0 40.0 0.001 0.0 0.0 0.5
w 96 96 96 80 0
w 96 80 208 80 0
w 208 80 208 144 0
x 32 32 256 36 0 16 (a) Vos = 1 mV, input at 0 V
a 272 160 336 160 9 15.0 -15.0 1000000.0 0.0 0.0 100000.0
w 208 144 272 144 0
w 272 176 240 176 0
w 240 176 240 224 0
r 240 224 240 288 0 1000.0
g 240 288 240 304 0 0
r 240 224 368 224 0 100000.0
w 368 224 368 160 0
w 336 160 368 160 0
w 368 160 400 160 0
207 400 160 416 160 4 Vout_offset
x 32 336 296 340 0 16 (b) IB = 100 nA through Rs = 100k
r 128 432 208 432 0 100000.0
g 128 448 128 464 0 0
w 128 432 128 448 0
i 160 528 160 576 0 1e-07 1000.0
w 208 432 208 496 0
w 208 496 160 496 0
w 160 496 160 528 0
g 160 576 160 592 0 0
207 208 496 224 496 4 V_plus_b
a 272 448 336 448 9 15.0 -15.0 1000000.0 0.0 0.0 100000.0
w 208 432 272 432 0
w 272 464 240 464 0
w 240 464 240 512 0
r 240 512 240 576 0 1000.0
g 240 576 240 592 0 0
r 240 512 368 512 0 100000.0
w 368 512 368 448 0
w 336 448 368 448 0
w 368 448 400 448 0
207 400 448 416 448 4 Vout_bias
