$ 1 5e-06 10 50 5 50 5e-11
R 96 112 96 80 0 0 40.0 10.0 0.0 0.0 0.5
r 96 112 96 208 0 100000.0
r 96 208 96 304 0 100000.0
g 96 304 96 320 0 0
w 96 208 208 208 0
r 208 208 208 304 0 10000.0
g 208 304 208 320 0 0
207 208 208 224 192 4 V_direct
x 64 48 240 52 0 16 RL directly at the tap
R 368 112 368 80 0 0 40.0 10.0 0.0 0.0 0.5
r 368 112 368 208 0 100000.0
r 368 208 368 304 0 100000.0
g 368 304 368 320 0 0
207 368 208 352 192 4 V_tap
w 368 208 416 208 0
a 480 224 544 224 9 15.0 -15.0 1000000.0 0.0 0.0 100000.0
w 416 208 480 208 0
w 480 240 480 272 0
w 480 272 576 272 0
w 576 272 576 224 0
w 544 224 576 224 0
w 576 224 608 224 0
r 608 224 608 304 0 10000.0
g 608 304 608 320 0 0
207 608 224 624 208 4 V_buffered
x 352 48 576 52 0 16 RL behind a voltage follower
