$ 1 5e-06 10 50 5 50 5e-11
R 96 272 64 272 0 1 1000.0 0.5 0.0 0.0 0.5
w 96 272 160 272 0
207 160 272 160 256 4 Vin
a 336 160 400 160 9 15.0 -15.0 1000000.0 0.0 0.0 100000.0
w 272 144 336 144 0
w 336 176 304 176 0
w 304 176 304 224 0
r 304 224 304 288 0 10000.0
g 304 288 304 304 0 0
r 304 224 432 224 0 20000.0
w 432 224 432 160 0
w 400 160 432 160 0
w 432 160 464 160 0
207 272 144 256 144 4 Vin
207 464 160 480 160 4 Vout_ni
x 240 64 528 68 0 16 non-inverting: G = 1 %2B 20k/10k = 3
a 368 448 432 448 8 15.0 -15.0 1000000.0 0.0 0.0 100000.0
r 240 432 336 432 0 10000.0
w 336 432 368 432 0
w 368 464 368 480 0
g 368 480 368 496 0 0
w 336 432 336 384 0
r 336 384 464 384 0 20000.0
w 464 384 464 448 0
w 432 448 464 448 0
w 464 448 496 448 0
207 240 432 224 432 4 Vin
207 496 448 512 448 4 Vout_inv
x 240 336 464 340 0 16 inverting: G = -20k/10k = -2
o 2 2 0 4098 2 0.1 0 3 14 0 27 0
