$ 1 5e-06 10 50 5 50 5e-11
R 96 144 64 144 0 0 40.0 2.505 0.0 0.0 0.5
207 96 144 96 128 4 V1
R 96 272 64 272 0 0 40.0 2.5 0.0 0.0 0.5
207 96 272 96 256 4 V2
x 32 64 240 68 0 16 V1 = 2.505 V, V2 = 2.500 V
x 32 88 304 92 0 16 difference 5 mV, common mode 2.5 V
a 400 176 464 176 8 15.0 -15.0 1000000.0 0.0 0.0 100000.0
r 272 160 368 160 0 10000.0
w 368 160 400 160 0
w 368 160 368 112 0
r 368 112 496 112 0 100000.0
w 496 112 496 176 0
w 464 176 496 176 0
w 496 176 528 176 0
r 272 192 368 192 0 10000.0
w 368 192 400 192 0
r 368 192 368 272 0 100000.0
g 368 272 368 288 0 0
207 272 160 256 160 4 V2
207 272 192 256 192 4 V1
207 528 176 544 176 4 Vout_matched
x 304 64 520 68 0 16 matched: R2/R1 = R4/R3 = 10
a 400 432 464 432 8 15.0 -15.0 1000000.0 0.0 0.0 100000.0
r 272 416 368 416 0 10000.0
w 368 416 400 416 0
w 368 416 368 368 0
r 368 368 496 368 0 100000.0
w 496 368 496 432 0
w 464 432 496 432 0
w 496 432 528 432 0
r 272 448 368 448 0 10000.0
w 368 448 400 448 0
r 368 448 368 528 0 101000.0
g 368 528 368 544 0 0
207 272 416 256 416 4 V2
207 272 448 256 448 4 V1
207 528 432 544 432 4 Vout_mismatch
x 304 320 464 324 0 16 R4 = 101k (1 % high)
