$ 1 1e-05 10 50 5 50 5e-11
R 96 208 64 208 0 1 100.0 2.0 0.0 0.0 0.5
w 96 208 160 208 0
207 160 208 160 192 4 Vin
a 336 160 400 160 9 5.0 0.0 1000000.0 0.0 0.0 100000.0
207 272 144 256 144 4 Vin
w 272 144 336 144 0
w 336 176 336 208 0
w 336 208 432 208 0
w 432 208 432 160 0
w 400 160 432 160 0
w 432 160 464 160 0
207 464 160 480 160 4 Vout_follower
x 240 64 440 68 0 16 follower, supply 0 .. 5 V
a 336 448 400 448 9 5.0 0.0 1000000.0 0.0 0.0 100000.0
207 176 368 160 368 4 Vin
r 176 368 272 368 0 10000.0
R 176 480 144 480 0 0 40.0 2.5 0.0 0.0 0.5
207 176 480 176 496 4 Vref
r 176 480 272 480 0 10000.0
w 272 368 272 432 0
w 272 432 272 480 0
w 272 432 336 432 0
w 336 464 320 464 0
w 320 464 320 528 0
r 320 528 320 608 0 10000.0
g 320 608 320 624 0 0
r 320 528 432 528 0 10000.0
w 432 528 432 448 0
w 400 448 432 448 0
w 432 448 464 448 0
207 464 448 480 448 4 Vout_shifted
x 176 304 448 308 0 16 level shifter: Vout = Vin %2B Vref
o 2 4 0 4098 5 0.1 0 2 11 0
o 2 4 0 4098 5 0.1 1 2 30 0
