$ 1 5e-06 10 50 5 50 5e-11
R 96 96 64 96 0 0 40.0 0.001 0.0 0.0 0.5
207 96 96 96 80 4 Vin
x 32 32 216 36 0 16 Vin = 1 mV,  A = 100000
x 288 112 440 116 0 16 G = 1000, one stage
a 304 176 368 176 9 15.0 -15.0 1000000.0 0.0 0.0 100000.0
w 240 160 304 160 0
w 304 192 272 192 0
w 272 192 272 240 0
r 272 240 272 304 0 1000.0
g 272 304 272 320 0 0
r 272 240 400 240 0 999000.0
w 400 240 400 176 0
w 368 176 400 176 0
w 400 176 432 176 0
207 240 160 224 160 4 Vin
207 432 176 448 176 4 Vout_1000
x 288 288 440 292 0 16 G = 1000 = 10 x 100
a 304 352 368 352 9 15.0 -15.0 1000000.0 0.0 0.0 100000.0
w 240 336 304 336 0
w 304 368 272 368 0
w 272 368 272 416 0
r 272 416 272 480 0 1000.0
g 272 480 272 496 0 0
r 272 416 400 416 0 9000.0
w 400 416 400 352 0
w 368 352 400 352 0
w 400 352 432 352 0
207 240 336 224 336 4 Vin
207 432 352 448 352 4 Vout_10x100_1
w 432 352 464 352 0
w 464 352 464 336 0
w 464 336 560 336 0
a 624 352 688 352 9 15.0 -15.0 1000000.0 0.0 0.0 100000.0
w 560 336 624 336 0
w 624 368 592 368 0
w 592 368 592 416 0
r 592 416 592 480 0 1000.0
g 592 480 592 496 0 0
r 592 416 720 416 0 99000.0
w 720 416 720 352 0
w 688 352 720 352 0
w 720 352 752 352 0
207 752 352 768 352 4 Vout_10x100
x 288 464 448 468 0 16 G = 10000, one stage
a 304 528 368 528 9 15.0 -15.0 1000000.0 0.0 0.0 100000.0
w 240 512 304 512 0
w 304 544 272 544 0
w 272 544 272 592 0
r 272 592 272 656 0 1000.0
g 272 656 272 672 0 0
r 272 592 400 592 0 9999000.0
w 400 592 400 528 0
w 368 528 400 528 0
w 400 528 432 528 0
207 240 512 224 512 4 Vin
207 432 528 448 528 4 Vout_10000
x 288 640 456 644 0 16 G = 10000 = 100 x 100
a 304 704 368 704 9 15.0 -15.0 1000000.0 0.0 0.0 100000.0
w 240 688 304 688 0
w 304 720 272 720 0
w 272 720 272 768 0
r 272 768 272 832 0 1000.0
g 272 832 272 848 0 0
r 272 768 400 768 0 99000.0
w 400 768 400 704 0
w 368 704 400 704 0
w 400 704 432 704 0
207 240 688 224 688 4 Vin
207 432 704 448 704 4 Vout_100x100_1
w 432 704 464 704 0
w 464 704 464 688 0
w 464 688 560 688 0
a 624 704 688 704 9 15.0 -15.0 1000000.0 0.0 0.0 100000.0
w 560 688 624 688 0
w 624 720 592 720 0
w 592 720 592 768 0
r 592 768 592 832 0 1000.0
g 592 832 592 848 0 0
r 592 768 720 768 0 99000.0
w 720 768 720 704 0
w 688 704 720 704 0
w 720 704 752 704 0
207 752 704 768 704 4 Vout_100x100
