$ 1 5e-06 10 50 5 50 5e-11
w 64 112 128 112 0
w 128 112 192 112 0
R 128 112 128 80 0 0 40.0 4.0 0.0 0.0 0.5
r 64 112 64 224 0 3900.0
r 64 224 64 336 0 138.5
r 192 112 192 224 0 3900.0
r 192 224 192 336 0 100.0
w 64 336 128 336 0
w 128 336 192 336 0
g 128 336 128 352 0 0
207 64 224 48 240 4 VB_plus
207 192 224 208 240 4 VB_minus
x 16 400 400 404 0 16 R1 = R3 = 3.9k, R4 = 100, Pt100 100 .. 138.5 Ohm
a 320 176 384 176 9 15.0 -15.0 1000000.0 0.0 0.0 100000.0
w 256 160 320 160 0
w 320 192 320 224 0
w 320 224 416 224 0
w 416 224 416 176 0
w 384 176 416 176 0
w 416 176 448 176 0
207 256 160 240 160 4 VB_minus
a 320 368 384 368 9 15.0 -15.0 1000000.0 0.0 0.0 100000.0
w 256 352 320 352 0
w 320 384 320 416 0
w 320 416 416 416 0
w 416 416 416 368 0
w 384 368 416 368 0
w 416 368 448 368 0
207 256 352 240 352 4 VB_plus
w 448 176 448 240 0
w 448 368 448 272 0
a 576 256 640 256 8 15.0 -15.0 1000000.0 0.0 0.0 100000.0
r 448 240 544 240 0 10000.0
w 544 240 576 240 0
w 544 240 544 192 0
r 544 192 672 192 0 100000.0
w 672 192 672 256 0
w 640 256 672 256 0
w 672 256 704 256 0
r 448 272 544 272 0 10000.0
w 544 272 576 272 0
r 544 272 544 352 0 100000.0
g 544 352 544 368 0 0
207 704 256 704 240 4 V_diff
w 704 256 768 256 0
a 832 272 896 272 9 15.0 -15.0 1000000.0 0.0 0.0 100000.0
w 768 256 832 256 0
w 832 288 800 288 0
w 800 288 800 336 0
r 800 336 800 400 0 10000.0
g 800 400 800 416 0 0
r 800 336 880 336 0 91000.0
r 880 336 928 336 0 6600.0
w 928 336 928 272 0
w 896 272 928 272 0
w 928 272 960 272 0
207 960 272 976 272 4 Vout
x 256 48 312 52 0 16 buffers
x 480 48 648 52 0 16 difference amp G = 10
x 768 48 1088 52 0 16 gain stage G = 1 %2B (91k %2B Rtrim)/10k
38 4 F0 0 100 138.5 Sensor\sR\s(Pt100,\s0..100\sC)
38 52 F0 0 0 10000 Gain\strim\sRtrim
