$ 1 5e-06 10 50 5 50 5e-11
R 160 144 128 144 0 0 40.0 1.0 0.0 0.0 0.5
207 160 144 160 128 4 V1
r 160 144 352 144 0 10000.0
R 160 208 128 208 0 0 40.0 2.0 0.0 0.0 0.5
207 160 208 160 192 4 V2
r 160 208 352 208 0 20000.0
R 160 272 128 272 0 0 40.0 -0.5 0.0 0.0 0.5
207 160 272 160 256 4 V3
r 160 272 352 272 0 10000.0
w 352 96 352 144 0
w 352 144 352 208 0
w 352 208 352 272 0
w 352 208 400 208 0
a 400 224 464 224 8 15.0 -15.0 1000000.0 0.0 0.0 100000.0
w 400 240 400 288 0
g 400 288 400 304 0 0
r 352 96 496 96 0 10000.0
w 496 96 496 224 0
w 464 224 496 224 0
w 496 224 560 224 0
207 560 224 576 224 4 Vout
207 352 272 336 288 4 V_sum_node
x 96 48 400 52 0 16 Vout = -Rf (V1/R1 %2B V2/R2 %2B V3/R3)
x 256 80 320 84 0 16 Rf = 10k
x 224 128 288 132 0 16 R1 = 10k
x 224 192 288 196 0 16 R2 = 20k
x 224 256 288 260 0 16 R3 = 10k
