$ 1 5e-06 10 50 5 50 5e-11
v 96 336 96 112 0 0 40.0 10.0 0.0 0.0 0.5
w 96 112 224 112 0
r 224 112 224 224 0 10000.0
r 224 224 224 336 0 10000.0
w 96 336 224 336 0
g 224 336 224 352 0 0
207 224 224 240 224 4 Vout_open
v 352 336 352 112 0 0 40.0 10.0 0.0 0.0 0.5
w 352 112 480 112 0
r 480 112 480 224 0 10000.0
r 480 224 480 336 0 10000.0
w 480 224 576 224 0
r 576 224 576 336 0 10000.0
w 352 336 480 336 0
w 480 336 576 336 0
g 480 336 480 352 0 0
207 480 224 496 208 4 Vout_load
x 96 64 160 68 0 16 Unloaded
x 352 64 512 68 0 16 Loaded with RL = 10k
