$ 1 0.0001 60 50 5 50 5e-11
x 64 32 144 36 0 16 5 V supply
R 96 96 96 64 0 0 40.0 5.0 0.0 0.0 0.5
r 96 96 96 208 0 330.0
162 96 208 96 320 2 default-led 1 0 0 0.01
g 96 320 96 336 0 0
207 96 208 112 208 4 VLED
x 240 32 496 36 0 16 Logic output sources the current
R 240 208 208 208 0 2 1.0 2.5 2.5 0.0 0.5
w 240 208 272 208 0
207 272 208 272 192 4 CLK
w 272 208 304 208 0
I 304 208 352 208 0 0.5 5.0
w 352 208 384 208 0
207 384 208 384 192 4 OUT1
r 384 208 496 208 0 330.0
162 496 208 496 320 2 default-led 1 0 0 0.01
g 496 320 496 336 0 0
x 592 32 832 36 0 16 Logic output sinks the current
R 800 96 800 64 0 0 40.0 5.0 0.0 0.0 0.5
r 800 96 800 192 0 330.0
162 800 192 800 288 2 default-led 1 0 0 0.01
207 608 320 608 304 4 CLK
w 608 320 640 320 0
I 640 320 688 320 0 0.5 5.0
w 688 320 736 320 0
207 736 320 736 336 4 OUT2
w 736 320 800 320 0
w 800 320 800 288 0
38 2 F0 0 100 1000 R\sseries
