$ 1 5e-06 10 50 5 50 5e-11
x 96 48 176 52 0 16 12 V alone
v 96 336 96 112 0 0 40.0 12.0 0.0 0.0 0.5
r 96 112 224 112 0 1000.0
r 224 112 224 336 0 2000.0
r 224 112 352 112 0 2000.0
w 352 336 352 112 0
w 96 336 224 336 0
w 224 336 352 336 0
g 224 336 224 352 0 0
207 224 112 224 96 4 VX1
x 128 160 144 164 0 16 1k
x 240 240 256 244 0 16 2k
x 272 160 288 164 0 16 2k
x 448 48 520 52 0 16 5 V alone
w 448 336 448 112 0
r 448 112 576 112 0 1000.0
r 576 112 576 336 0 2000.0
r 576 112 704 112 0 2000.0
v 704 336 704 112 0 0 40.0 5.0 0.0 0.0 0.5
w 448 336 576 336 0
w 576 336 704 336 0
g 576 336 576 352 0 0
207 576 112 576 96 4 VX2
x 480 160 496 164 0 16 1k
x 592 240 608 244 0 16 2k
x 624 160 640 164 0 16 2k
x 800 48 896 52 0 16 both sources
v 800 336 800 112 0 0 40.0 12.0 0.0 0.0 0.5
r 800 112 928 112 0 1000.0
r 928 112 928 336 0 2000.0
r 928 112 1056 112 0 2000.0
v 1056 336 1056 112 0 0 40.0 5.0 0.0 0.0 0.5
w 800 336 928 336 0
w 928 336 1056 336 0
g 928 336 928 352 0 0
207 928 112 928 96 4 VX
x 832 160 848 164 0 16 1k
x 944 240 960 244 0 16 2k
x 976 160 992 164 0 16 2k
