$ 1 5e-06 10 50 5 50 5e-11
x 96 48 224 52 0 16 Original circuit
v 96 336 96 112 0 0 40.0 12.0 0.0 0.0 0.5
w 96 112 224 112 0
r 224 112 224 224 0 2200.0
r 224 224 224 336 0 3300.0
w 224 224 320 224 0
r 320 224 320 336 0 1000.0
w 96 336 224 336 0
w 224 336 320 336 0
g 224 336 224 352 0 0
207 320 224 336 224 4 VL_orig
x 256 160 288 164 0 16 2.2k
x 160 288 192 292 0 16 3.3k
x 336 288 376 292 0 16 RL 1k
x 480 48 840 52 0 16 Thevenin equivalent: Vth = 7.2 V, Rth = 1.32k
v 480 336 480 112 0 0 40.0 7.2 0.0 0.0 0.5
w 480 112 528 112 0
r 528 112 656 112 0 1320.0
w 656 112 720 112 0
w 720 112 720 224 0
r 720 224 720 336 0 1000.0
w 480 336 720 336 0
g 480 336 480 352 0 0
207 720 224 736 224 4 VL_equiv
x 736 288 776 292 0 16 RL 1k
